 25.18 25.73 26.73 27.15 26.82 26.32 25.37 24.58 24.80 24.91 24.86 25.32 
 26.01 26.52 27.24 27.71 27.73 27.23 26.29 26.09 26.71 27.21 27.55 28.05 
 28.47 28.64 28.86 29.09 28.95 28.14 26.78 26.02 25.31 24.76 24.44 24.75 
 25.33 26.46 27.12 27.23 26.49 25.66 25.20 24.85 24.69 24.44 24.27 24.20 
 24.67 25.77 26.50 26.66 26.39 25.78 24.92 24.40 24.22 24.36 24.53 24.65 
 24.95 26.04 26.99 27.31 26.72 26.24 25.73 25.30 25.28 25.52 25.85 26.11 
 26.72 27.55 28.34 28.50 28.14 27.52 26.99 26.62 26.61 26.28 26.21 26.35 
 26.52 26.61 27.24 27.19 26.13 24.90 24.05 23.82 24.02 23.65 23.68 23.87 
 24.46 25.59 26.32 26.79 26.57 26.39 25.44 24.85 24.77 24.70 24.69 24.97 
 25.51 26.54 26.99 27.52 27.43 26.66 25.90 25.31 25.16 25.01 25.04 25.30 
 25.86 26.46 27.12 27.65 27.57 27.28 26.67 25.83 25.38 25.71 26.09 26.48 
 27.00 27.59 28.18 28.67 28.39 27.29 25.92 25.23 25.01 24.89 24.94 25.19 
 25.72 26.88 27.65 28.43 28.31 27.12 26.09 25.37 25.26 25.29 25.25 25.46 
 25.98 26.47 26.99 27.38 27.26 26.62 25.65 25.05 24.98 25.56 26.00 26.18 
 26.54 26.93 27.25 27.33 26.81 26.35 25.50 24.48 24.13 24.24 24.25 24.44 
 25.04 25.86 26.86 26.99 26.71 26.04 25.39 24.89 24.63 24.59 24.66 24.45 
 25.00 25.86 26.93 27.54 27.91 28.02 27.76 27.60 27.66 28.01 28.30 28.46 
 28.68 28.83 29.15 29.23 28.68 27.12 25.73 24.78 24.26 24.38 24.60 24.47 
 24.76 25.82 26.89 26.94 26.58 25.81 25.12 24.45 24.09 23.91 23.82 23.93 
 24.25 25.52 26.80 27.40 26.88 26.06 25.24 24.69 24.65 24.64 24.58 24.79 
 25.41 26.32 27.32 27.53 27.21 26.49 25.69 25.00 24.53 24.65 24.53 24.72 
 25.28 26.22 27.37 27.67 27.59 27.27 26.36 25.77 25.83 26.00 26.36 26.47 
 26.45 26.97 27.51 27.26 26.59 26.30 26.04 25.47 25.17 25.47 25.84 26.05 
 26.22 26.86 27.45 27.68 27.07 26.54 25.98 25.48 25.43 25.59 25.80 26.03 
 26.20 26.58 27.44 27.86 27.64 26.88 26.03 25.43 24.97 24.88 24.32 24.35 
 25.06 26.39 27.07 27.43 27.34 26.73 25.88 25.63 25.86 26.06 26.34 26.51 
 26.68 26.69 27.09 27.24 26.68 26.11 25.23 24.34 24.04 24.03 24.01 24.14 
 24.58 25.53 26.70 27.27 27.08 26.49 26.04 25.63 25.35 25.31 25.14 24.94 
 25.33 26.17 26.90 27.60 27.62 27.23 26.53 26.01 25.78 25.85 26.16 26.37 
 26.66 27.33 27.88 28.04 27.35 26.22 25.13 24.34 24.02 24.04 24.05 24.31