 25.72 26.88 27.65 28.43 28.31 27.12 26.09 25.37 25.26 25.29 25.25 25.46 
 25.98 26.47 26.99 27.38 27.26 26.62 25.65 25.05 24.98 25.56 26.00 26.18 
 26.54 26.93 27.25 27.33 26.81 26.35 25.50 24.48 24.13 24.24 24.25 24.44 
 25.04 25.86 26.86 26.99 26.71 26.04 25.39 24.89 24.63 24.59 24.66 24.45 
 25.00 25.86 26.93 27.54 27.91 28.02 27.76 27.60 27.66 28.01 28.30 28.46 
 28.68 28.83 29.15 29.23 28.68 27.12 25.73 24.78 24.26 24.38 24.60 24.47 
 24.76 25.82 26.89 26.94 26.58 25.81 25.12 24.45 24.09 23.91 23.82 23.93
 24.25 25.52 26.80 27.40 26.88 26.06 25.24 24.69 24.65 24.64 24.58 24.79 
 25.41 26.32 27.32 27.53 27.21 26.49 25.69 25.00 24.53 24.65 24.53 24.72 
 25.28 26.22 27.37 27.67 27.59 27.27 26.36 25.77 25.83 26.00 26.36 26.47 
 26.45 26.97 27.51 27.26 26.59 26.30 26.04 25.47 25.17 25.47 25.84 26.05 
 26.22 26.86 27.45 27.68 27.07 26.54 25.98 25.48 25.43 25.59 25.80 26.03 
 26.20 26.58 27.44 27.86 27.64 26.88 26.03 25.43 24.97 24.88 24.32 24.35 
 25.06 26.39 27.07 27.43 27.34 26.73 25.88 25.63 25.86 26.06 26.34 26.51 
 26.68 26.69 27.09 27.24 26.68 26.11 25.23 24.34 24.04 24.03 24.01 24.14 
 24.58 25.53 26.70 27.27 27.08 26.49 26.04 25.63 25.35 25.31 25.14 24.94 
 25.33 26.17 26.90 27.60 27.62 27.23 26.53 26.01 25.78 25.85 26.16 26.37 
 26.66 27.33 27.88 28.04 27.35 26.22 25.13 24.34 24.02 24.04 24.05 24.31 
 24.69 25.87 26.71 27.41 27.06 26.66 25.75 24.92 24.51 24.24 24.34 24.61 
 25.41 26.43 27.30 27.69 27.40 26.89 26.33 25.72 25.58 25.34 25.29 24.91 
 25.14 26.05 27.08 27.42 26.88 26.01 25.35 24.77 24.77 24.98 25.08 25.28