[24.68 24.69 24.42 24.93 25.72 26.33 27.33 27.25 25.95 25.06 24.89 25.07
 24.9  25.22 25.68 26.51 27.06 27.22 27.59 27.   26.21 24.91 24.19 23.87
 23.96 24.2  24.56 25.59 26.52 26.93 27.18 26.41 25.57 24.32 23.49 23.38
 23.23 23.57 23.84 24.5  25.73 26.96 28.03 27.73 27.12 26.62 26.63 26.2
 25.7  25.63 25.92 26.54 27.1  27.39 27.39 26.44 25.87 25.04 24.59 24.74
 24.78 25.07 25.61 26.1  26.52 27.07 27.18 26.58 25.07 24.13 23.58 23.16
 23.33 23.5  23.83 24.76 25.78 26.31 27.1  26.79 26.47 26.5  26.34 26.05
 25.94 25.72 25.43 25.78 26.41 27.02 27.23 26.55 26.1  25.   24.27 24.26
 24.66 24.54 25.17 25.9  26.78 27.45 27.74 27.01 26.2  25.89 25.75 25.44
 25.3  25.13 25.01 25.37 26.23 26.67 27.36 27.16 26.47 25.92 25.55 25.38
 25.31 24.94 25.01 25.71 25.8  26.1  27.13 27.28 26.71 26.38 26.46 26.33
 25.8  25.5  25.42 25.98 27.02 27.23 27.56 27.23 26.22 25.09 24.59 24.33
 24.42 24.24 24.69 25.4  26.31 26.87 27.52 27.24 26.07 24.99 24.41 24.15
 24.38 24.33 24.44 25.09 25.82 26.79 27.46 26.61 25.33 23.9  23.54 23.45
 23.73 23.7  24.   24.82 25.56 26.43 26.65 26.69 25.58 24.42 23.87 24.1
 24.05 24.17 24.61 25.23 26.02 28.18 29.1  29.15 28.94 28.93 28.75 28.52
 28.14 27.82 27.82 27.99 28.13][27.99 27.82 27.82 27.82 27.36 27.23 25.7  23.9  25.09 25.09 24.33 25.09
 26.87 27.52 27.23 26.07 25.94 25.72 23.9  25.09 24.   25.17 24.69 24.68
 26.41 24.33 27.52 27.16 27.24 27.99 28.13 26.47 25.5  24.42 24.69 27.13
 27.13 26.5  27.01 26.69 25.33 25.63 24.42 24.42 24.42 24.42 25.7  25.42
 26.05 27.46]