    11.02    12.83    13.69    14.36    14.13    13.28
    11.26    12.75    13.81    14.26    13.98    12.98
    11.21    13.16    14.20    14.68    14.48    13.54
    11.29    12.97    13.88    14.21    14.00    13.09
    11.46    13.19    14.05    14.68    14.56    13.40
    11.22    13.22    14.16    14.73    14.61    13.47
    11.17    13.00    13.86    14.48    14.49    13.57
    11.08    13.02    13.87    14.43    14.34    13.19
    10.95    12.36    13.46    14.13    13.89    13.03
    11.42    13.09    13.85    14.38    14.25    13.35
