    13.79    14.70    15.07    15.20    13.92    12.01
    14.02    15.15    15.72    15.64    14.57    12.69
    13.76    14.81    15.51    15.17    14.45    12.60
    13.92    15.03    15.52    15.42    14.23    12.40
    14.07    15.08    15.66    15.12    14.06    12.59
    13.72    15.16    15.64    15.39    14.16    12.23
    13.87    14.93    15.47    15.38    14.17    12.34
    13.95    14.88    15.58    15.41    14.16    11.68
    13.84    14.99    15.37    15.39    14.49    12.48
    13.79    14.87    15.51    15.26    14.14    12.36
