    14.36    14.34    13.72    12.11    10.33     7.05
    14.47    14.33    13.79    11.92     9.78     7.07
    14.54    14.36    13.47    12.13     9.14     6.78
    14.23    14.10    13.35    12.01    10.00     6.67
    14.34    14.27    13.48    12.12     9.98     7.70
    13.90    13.91    13.40    12.01     9.61     7.22
    14.22    14.25    13.79    12.17     9.92     7.53
    14.40    14.34    13.87    12.34     9.61     7.15
    14.11    14.28    13.97    12.16     9.83     7.15
    14.10    14.19    13.56    11.94     9.57     6.91
