    13.65    13.65    13.22    11.50     8.53     5.37
    13.89    13.83    12.84    11.33     8.44     5.87
    13.68    13.65    12.96    11.63     8.93     6.00
    13.68    13.80    12.96    11.38     8.21     5.75
    13.53    13.48    12.85    11.68     9.32     6.51
    13.84    13.73    13.15    11.28     8.83     5.94
    13.60    13.78    13.13    11.52     8.72     5.34
    13.34    13.31    12.37    11.48     8.92     7.02
    13.72    13.70    13.01    11.13     8.39     5.65
    13.46    13.74    13.28    11.43     8.96     5.70
