    11.87    13.53    14.52    15.11    14.77    13.83
    12.26    13.93    14.68    15.20    15.20    14.51
    12.31    13.74    14.60    14.94    15.00    14.22
    12.36    14.00    14.86    15.41    15.15    13.86
    12.57    14.10    14.86    15.20    14.69    14.17
    12.75    14.08    14.60    14.91    14.57    13.92
    12.11    13.64    14.45    14.92    15.01    13.96
    12.20    13.57    14.57    14.92    14.91    13.67
    12.74    13.91    14.64    15.19    14.98    14.06
    12.50    13.94    14.74    15.40    15.32    14.36
