     4.93     6.77     9.88    12.27    13.84    14.68
     5.14     7.08    10.24    12.13    14.13    14.76
     5.29     7.27     9.91    12.02    13.88    14.51
     6.02     7.93    10.03    11.90    13.57    14.39
     5.37     7.35    10.09    11.96    13.62    14.55
     4.63     6.98    10.17    12.26    13.85    14.51
     5.30     7.17     9.89    11.96    13.78    14.43
     5.20     7.85    10.22    12.14    13.94    14.55
     4.59     7.78    10.04    11.87    13.76    14.26
     4.74     6.92    10.10    11.90    13.57    14.25
