     5.33     7.68     9.73    12.67    13.57    13.84
     4.56     7.92    10.69    12.94    13.95    14.71
     4.88     8.36    11.40    13.10    14.09    14.45
     5.29     8.20    10.59    12.91    13.92    14.55
     4.81     7.94    10.62    12.65    13.79    14.21
     4.82     7.76    10.81    13.24    13.96    14.47
     4.75     7.68    10.65    12.80    13.72    14.31
     5.30     8.38    11.53    12.90    13.88    14.24
     4.42     7.89    11.02    12.90    13.85    14.06
     4.95     7.81    10.76    13.04    13.91    14.49
