    11.46    13.30    14.27    14.70    14.70    14.07
    11.97    13.63    14.51    14.89    14.90    14.09
    11.57    13.17    14.17    14.64    14.40    13.51
    11.48    13.58    14.37    14.72    14.56    13.73
    11.63    13.46    14.11    14.75    14.70    13.51
    11.05    13.31    14.51    14.72    14.62    13.86
    11.32    13.38    14.23    14.72    14.31    13.63
    11.87    13.23    14.32    14.97    14.86    13.67
    11.46    13.02    14.22    14.84    14.67    13.75
    11.68    13.26    14.38    15.07    14.59    13.44
