     7.00     5.97     7.34     9.68    11.57    13.64
     6.77     6.17     7.53     9.90    11.80    13.52
     6.48     5.80     8.10     9.78    11.97    13.55
     6.80     6.34     6.88     9.34    11.23    13.47
     6.08     5.64     7.56     9.98    12.05    13.55
     7.27     6.72     7.77     9.78    11.97    13.39
     6.38     5.56     7.32    10.09    12.04    13.66
     7.32     6.78     8.32     9.97    11.42    13.51
     7.01     6.05     7.14     9.27    11.53    13.33
     6.30     5.28     6.94     9.39    11.36    13.45
