     9.49    11.36    13.17    13.99    14.58    14.58
     9.54    11.62    13.61    14.19    14.64    14.52
     9.26    11.42    13.04    14.10    14.62    14.62
     9.85    11.89    13.68    14.27    14.48    14.52
     9.57    11.61    13.51    14.27    14.96    14.83
     9.72    11.32    13.27    13.98    14.32    14.13
     9.76    11.60    13.64    13.95    14.30    14.19
     9.47    11.88    13.70    14.55    15.10    15.18
     9.69    11.89    13.48    14.07    14.62    14.47
     9.98    12.22    13.67    14.55    14.94    14.86
