     4.71     8.61    10.96    13.27    13.99    14.47
     5.00     9.11    11.49    13.45    14.48    14.88
     5.11     8.97    11.29    13.10    14.22    14.69
     6.82     9.31    11.27    13.46    14.47    15.16
     5.73     9.49    11.53    13.83    14.50    14.80
     5.82     9.38    11.56    13.92    14.63    14.96
     4.90     8.57    10.94    13.26    14.21    14.54
     5.59     9.40    11.87    13.87    14.46    14.81
     6.01     9.44    11.33    13.46    14.24    14.58
     5.61     9.16    11.22    13.31    14.26    14.74
