    13.63    13.68    13.09    11.49     9.42     6.39
    13.45    13.45    12.87    11.71     8.92     6.59
    13.88    13.88    13.26    11.71     9.18     6.30
    13.85    14.00    13.12    11.16     9.05     6.28
    14.08    14.05    13.37    11.68     9.42     5.75
    13.84    13.79    13.07    11.41     9.06     5.16
    13.76    13.67    12.94    11.61     9.14     6.31
    14.18    14.09    13.00    11.95     8.82     5.86
    14.07    14.02    13.31    11.70     8.82     5.25
    13.93    14.02    13.21    11.54     9.12     6.40
