    13.66    14.00    14.05    13.17    11.79     9.47
    14.01    14.42    14.12    13.63    11.80     9.57
    13.46    14.24    13.84    13.30    11.81     8.92
    13.50    14.43    14.52    13.33    11.45     8.99
    13.83    14.50    14.48    13.37    11.31     9.09
    13.76    14.16    14.09    13.48    11.60     9.72
    13.50    14.30    14.36    13.49    11.77     9.12
    13.70    14.53    14.30    13.23    11.54     9.29
    13.42    13.97    13.94    12.84    11.19     8.71
    14.03    14.57    14.46    13.52    11.96     9.32
