    11.24    12.88    14.04    14.51    14.26    13.37
    11.07    12.95    14.23    14.56    14.73    13.85
    11.46    13.46    14.25    14.59    14.33    13.59
    11.28    12.82    13.83    14.18    14.01    13.13
    11.48    13.13    14.23    14.84    14.60    13.49
    11.50    13.22    14.21    14.57    14.69    13.50
    11.55    13.01    14.08    14.60    14.46    13.44
    11.22    13.15    14.29    14.78    14.74    13.86
    11.39    13.16    14.08    14.55    14.19    13.06
    11.50    13.07    13.84    14.41    14.31    13.49
