    14.52    15.03    14.92    14.05    12.06     9.29
    14.18    14.89    14.85    13.88    11.80     9.66
    14.47    15.10    14.98    13.86    11.33     9.09
    14.42    14.95    14.89    13.74    11.89     9.73
    14.38    15.01    14.89    13.87    11.81     9.26
    13.89    14.69    14.61    13.97    12.49     9.45
    14.30    14.95    14.82    14.23    12.05     9.49
    14.26    14.75    14.77    13.94    11.90     9.70
    14.32    14.84    14.74    14.08    11.51     9.21
    14.03    14.56    14.64    13.64    11.39     8.43
