    13.78    11.46     8.88     7.22     6.31     7.48
    13.57    11.83     9.22     6.90     6.13     8.02
    13.52    11.81     8.34     6.29     5.73     6.97
    13.58    11.78     9.55     7.42     6.78     8.46
    13.82    12.21     9.92     6.67     5.45     8.23
    13.54    11.85     9.45     6.58     5.56     7.99
    13.74    11.92     9.45     7.04     6.13     7.72
    13.33    11.83     8.91     5.96     5.40     6.94
    13.45    11.65     9.38     6.13     5.18     7.17
    12.96    10.72     8.93     6.75     5.89     7.35
