     8.90     7.38     6.90     8.41    10.25    12.27
     9.08     6.80     6.07     8.02    10.07    11.67
     9.24     6.99     6.10     7.93    10.23    11.69
     8.44     6.79     6.09     7.21     9.94    11.64
     9.06     6.60     6.00     8.24    10.34    12.27
     8.99     7.35     6.82     8.16    10.20    11.77
     9.08     6.62     5.80     7.67     9.94    11.60
     9.58     7.32     6.56     8.52    10.13    12.10
     9.06     7.28     5.95     7.74     9.80    11.86
     9.08     6.61     5.64     7.04     9.57    11.69
