    14.08    14.16    13.38    11.67     9.44     7.13
    14.16    13.96    13.11    11.61     9.04     6.59
    14.22    14.18    13.34    11.48     8.70     6.64
    14.08    14.16    13.69    11.98     9.41     6.61
    14.02    14.17    13.57    12.23     9.90     7.06
    13.91    13.94    13.36    11.90     8.54     5.56
    14.07    14.03    13.26    11.68     9.15     7.08
    13.93    14.13    13.18    11.80     9.14     6.37
    13.95    14.10    13.60    12.07     9.67     6.75
    14.31    14.17    13.49    11.43     9.16     6.63
