    11.51     9.08     5.32     4.24     6.04    10.07
    11.26     8.99     6.08     4.88     7.47     9.63
    11.29     8.24     5.28     4.27     6.61     9.68
    11.31     8.52     5.38     4.57     6.59    10.33
    11.70     8.98     6.07     5.30     7.39     9.99
    10.90     8.54     5.08     4.43     6.23     9.59
    11.15     8.70     6.07     5.32     7.30    10.10
    11.59     8.91     5.79     4.88     7.40     9.59
    10.78     9.08     5.70     4.67     8.09    10.12
    11.00     9.10     6.54     5.09     7.57     9.65
