     7.91     4.66     3.84     5.66     9.32    11.40
     7.99     5.59     4.70     6.37     9.67    11.73
     7.35     4.83     3.65     6.07     8.24    11.20
     8.40     6.40     5.85     7.53     9.88    11.40
     8.49     5.44     4.68     6.70     9.52    11.38
     8.63     5.83     4.85     7.08     9.63    11.24
     8.27     5.35     4.51     6.46     9.83    11.31
     8.44     5.34     4.71     6.38     9.77    11.44
     8.60     6.00     5.52     6.88     9.64    11.29
     7.64     5.09     4.34     6.00     8.92    11.76
