     8.83    11.38    13.68    14.48    14.97    14.87
     8.81    11.78    13.34    14.43    15.00    14.85
     8.66    11.52    13.40    14.30    14.84    14.87
     9.03    11.21    13.32    14.31    14.79    14.72
     8.77    11.44    13.06    14.32    14.77    14.79
     9.42    11.30    13.29    14.11    14.62    14.69
     8.31    10.97    13.30    14.15    14.51    14.45
     8.48    11.50    13.44    14.34    14.70    14.65
     8.65    11.68    13.23    14.25    14.78    14.58
     9.16    11.53    13.41    14.31    14.62    14.52
