    13.63    14.43    14.35    13.50    11.83     9.24
    13.84    14.41    14.20    13.20    11.82     9.97
    13.72    14.29    14.32    13.52    11.59     9.59
    13.71    14.20    14.03    12.93    11.44     9.34
    13.85    14.57    14.56    13.88    12.22     9.36
    13.64    14.61    14.60    13.87    12.13     9.99
    13.92    14.52    14.62    13.76    11.77     8.79
    13.91    14.23    14.11    13.39    11.93     9.29
    13.80    14.22    14.16    13.38    11.86     9.05
    13.96    14.42    14.55    13.57    11.92     9.79
