    13.72    14.90    15.51    15.40    14.34    12.56
    13.78    14.94    15.75    15.55    14.35    12.16
    13.93    14.90    15.45    15.13    14.15    12.51
    13.65    14.63    15.17    14.88    14.15    12.48
    13.66    14.75    15.30    15.03    13.90    12.64
    13.54    14.64    14.98    14.89    14.21    12.15
    13.71    14.50    14.87    14.68    13.80    11.97
    13.30    14.35    14.58    14.48    13.82    11.40
    13.44    14.74    15.30    14.96    14.39    12.61
    13.59    14.65    15.31    15.02    14.05    12.28
