    11.33     7.90     4.94     4.19     5.66     9.18
    10.97     8.03     5.24     4.57     6.07     9.76
     9.77     7.37     5.13     4.27     6.20     8.48
    11.05     8.47     6.23     5.68     7.08     9.61
    10.98     8.53     5.87     5.11     6.92     9.61
    10.97     8.69     6.14     5.07     7.30     9.89
    10.80     8.43     5.34     4.72     6.46     9.52
    11.45     8.63     5.59     4.62     6.86     9.86
    11.29     8.80     6.53     5.74     7.26     9.51
    11.03     8.02     5.13     4.30     6.05     9.66
