     9.23     5.98     5.67     7.40     9.65    11.50
     8.89     6.08     5.56     7.51     9.96    11.60
     8.83     5.87     5.04     7.28     9.91    11.44
     8.73     6.36     5.63     7.18     9.71    11.73
     9.24     7.04     6.04     7.58     9.56    11.60
     8.90     6.96     5.94     7.38     9.59    11.44
     9.41     7.31     6.08     8.30     9.68    11.51
     9.05     6.12     5.44     7.34     9.73    11.25
     8.64     6.41     5.39     6.93     9.22    11.74
     8.90     6.97     6.21     7.40     9.88    12.22
