    13.71    14.50    14.37    13.46    11.54     8.19
    13.93    14.71    14.67    13.58    11.83     8.75
    13.97    14.64    14.63    13.62    11.95     8.11
    13.98    14.55    14.47    13.54    11.89     9.19
    13.78    14.50    14.27    13.27    11.64     9.32
    14.02    14.60    14.33    13.25    11.80     9.73
    13.95    14.63    14.44    13.33    11.42     8.87
    13.53    14.36    14.20    13.56    12.03     9.16
    13.78    14.69    14.41    13.33    11.57     9.40
    13.96    14.17    14.06    13.04    11.57     9.20
