     8.44    10.86    12.94    13.81    14.50    14.25
     9.05    11.11    12.99    14.01    14.45    14.31
     9.49    11.53    13.62    14.35    14.68    14.50
     9.36    11.61    12.95    14.05    14.60    14.66
     9.57    11.57    13.33    14.45    14.91    14.75
     9.43    11.41    13.12    13.70    14.39    14.45
     9.53    11.72    13.25    14.09    14.57    14.62
     9.52    11.53    13.35    14.21    14.59    14.70
     8.46    11.45    13.14    14.08    14.50    14.41
     9.62    11.54    13.39    14.24    14.51    14.49
