    11.39     9.29     6.33     5.56     7.89    10.05
    11.48     9.28     6.35     5.46     7.67     9.85
    11.47     8.83     6.08     5.53     7.09     9.48
    11.27     8.76     6.01     5.37     6.52     9.69
    11.29     9.26     6.97     6.02     7.86     9.98
    11.06     8.76     6.60     5.81     7.13     9.91
    11.73     9.53     7.48     6.64     8.54    10.11
    11.35     9.09     6.07     5.36     6.97     9.48
    11.48     8.93     6.23     5.44     6.99     9.25
    10.91     8.95     6.58     5.73     7.13     9.53
