    13.57    13.43    12.81    11.33     8.57     5.51
    13.78    13.92    13.03    11.43     8.66     6.21
    13.70    13.88    12.97    11.19     8.58     5.19
    13.64    13.58    12.80    10.41     8.60     6.23
    13.90    13.86    13.11    11.12     7.82     5.77
    13.70    13.73    13.36    11.25     9.06     6.46
    13.86    13.91    13.14    11.28     9.10     6.19
    13.66    13.68    12.93    11.37     8.33     5.80
    13.65    13.60    12.96    11.45     9.43     6.93
    13.71    13.80    12.74    11.51     8.55     5.93
