    13.00    11.51     9.21     6.23     5.38     7.16
    13.06    11.65     9.22     6.58     6.16     7.68
    13.32    11.38     9.22     6.05     5.23     7.05
    13.23    11.34     8.92     6.82     6.29     7.83
    13.05    11.49     8.77     6.40     5.94     7.37
    12.89    11.19     9.00     6.78     6.02     7.64
    13.51    11.82     9.53     6.50     5.63     7.50
    13.11    11.41     8.82     6.15     4.93     7.06
    13.08    11.73     8.84     6.22     5.28     6.75
    12.67    11.16     8.98     6.65     5.89     7.80
