    11.52     8.72     5.67     4.91     6.70     9.71
    11.25     8.95     6.49     5.23     7.92     9.90
    11.35     8.67     5.49     4.76     6.34     9.99
    11.03     8.27     5.54     4.86     6.43     9.91
    11.30     8.57     5.29     4.64     6.52    10.01
    11.22     8.49     5.83     5.00     6.51     9.85
    11.47     8.85     5.71     4.93     6.42     9.15
    11.14     8.23     5.67     4.95     6.82     9.49
    11.31     8.56     5.28     4.50     6.88    10.06
    11.00     8.42     5.60     4.88     6.68     9.08
