     4.47     3.61     5.29     8.87    11.39    13.46
     5.36     4.51     6.18     8.79    11.15    13.32
     4.60     3.67     5.77     8.49    11.45    13.58
     6.25     5.71     7.36    10.12    11.54    13.75
     5.38     4.61     6.47     8.74    11.19    13.56
     5.67     4.60     7.50     9.96    11.71    13.70
     5.38     4.40     6.26     9.45    11.62    13.86
     5.22     4.38     5.65     8.79    11.31    13.38
     5.95     5.53     7.26     9.47    11.54    13.57
     5.15     4.53     6.45     9.26    11.62    13.69
