   -99.99   -99.99   -99.99   -99.99   -99.99   -99.99
    12.36    11.05     8.73     5.88     5.00     6.86
    12.38    11.00     8.41     6.45     5.46     7.08
    12.48    11.46     8.66     5.71     4.89     6.12
    12.90    11.89     8.99     5.80     4.90     6.77
    12.51    11.27     8.99     5.53     4.60     6.10
    12.46    11.16     8.68     5.76     5.01     7.45
    12.69    11.16     8.39     5.86     4.73     6.92
    12.52    11.01     7.58     5.67     4.90     6.41
    12.36    11.32     8.61     6.45     5.39     6.96
