     8.35     5.86     4.84     6.86     9.40    11.37
     9.13     7.09     6.21     7.88     9.72    11.64
     8.66     6.35     5.41     6.99     9.72    11.62
     8.64     6.61     5.77     7.56     9.60    11.93
     8.98     7.27     6.46     7.90    10.40    11.74
     8.99     6.30     5.88     7.42    10.06    11.90
     9.15     7.11     6.22     7.51    10.16    11.58
     9.07     6.28     5.53     7.14     9.91    12.00
     8.28     5.65     4.83     6.84     9.07    11.44
     9.15     6.02     4.93     7.57    10.08    11.77
