    14.39    14.45    13.54    12.03     9.86     6.93
    14.29    14.21    13.77    12.18     9.80     7.41
    14.30    14.34    13.46    11.73     8.47     5.75
    14.17    14.22    13.60    11.89     9.72     7.13
    14.33    14.44    13.69    11.74     9.32     7.02
    14.25    14.24    13.73    11.81     9.30     7.27
    14.50    14.65    14.01    12.41     9.52     5.89
    14.40    14.27    13.56    11.64     9.70     7.37
    14.25    14.35    13.77    12.07     9.71     7.55
    14.08    14.35    13.77    12.11     9.27     7.32
