    13.30    12.76    11.50     9.22     6.32     5.25
    13.47    12.74    11.49     8.74     5.42     4.90
    13.26    12.54    11.29     8.84     6.32     5.10
    13.25    12.56    11.08     8.71     6.17     5.35
    13.55    12.89    11.44     8.81     5.92     4.90
    13.31    12.85    11.60     8.83     5.74     4.94
    13.29    12.59    11.19     8.83     6.17     5.45
    13.35    12.78    11.34     8.34     5.27     4.79
    13.46    12.56    11.09     8.18     6.14     5.44
    13.22    12.52    11.64     8.64     5.65     4.98
