     4.50     6.48     9.35    10.90    13.07    13.90
     5.03     7.10     9.83    11.19    12.85    13.81
     4.80     6.75     9.35    11.00    12.82    13.79
     4.56     7.11     9.71    11.75    13.28    14.24
     4.01     6.07     9.00    10.95    13.11    13.86
     4.30     6.69     9.18    11.14    12.68    13.77
     4.46     6.08     9.42    11.29    13.16    14.02
     4.27     6.13     9.47    11.64    13.27    14.03
     3.70     5.89     9.50    11.28    13.31    13.88
     4.57     6.10     9.56    11.30    13.18    13.96
