     9.96    12.04    13.63    14.68    15.21    15.06
    10.01    12.12    13.22    14.30    14.84    14.80
     9.82    12.45    13.61    14.60    15.14    15.17
    10.18    12.38    13.77    14.77    15.01    14.94
    10.18    11.70    13.62    14.69    15.14    14.99
     9.80    12.28    13.64    14.39    15.15    15.11
     9.81    12.12    13.70    14.26    14.57    14.59
     9.85    11.91    13.65    14.56    15.14    14.75
     9.78    11.62    13.59    14.61    14.93    14.84
     9.69    12.16    13.57    14.51    15.27    15.12
