    12.95    14.20    14.50    14.49    13.74    12.23
    12.72    14.01    14.65    14.72    13.49    11.97
    12.79    14.02    14.62    14.56    13.84    12.01
    13.08    13.91    14.24    14.10    13.60    12.28
    12.72    13.88    14.44    14.59    13.77    11.80
    12.98    14.01    14.50    14.50    13.79    12.38
    13.05    14.02    14.54    14.34    13.71    12.34
    13.22    14.21    14.82    14.70    13.96    11.88
    13.09    14.13    14.48    14.46    13.70    12.03
    12.97    14.07    14.54    14.56    13.72    12.33
