    13.99    14.48    14.49    13.57    12.16     9.42
    14.26    14.83    14.77    13.93    12.34     9.22
    14.42    14.92    14.83    13.96    12.25     9.82
    14.30    15.02    14.85    13.80    12.33     9.50
    14.34    14.93    14.61    13.85    12.50    10.32
    14.13    14.68    14.52    13.50    11.75     9.48
    14.16    14.88    14.70    13.84    12.50    10.35
    14.41    14.97    15.07    14.19    12.12     9.69
    13.80    14.40    14.43    13.78    12.13     9.81
    14.20    14.74    14.60    13.45    11.97     9.02
