     9.42     6.16     5.34     7.08     9.83    11.83
     9.35     7.26     6.16     7.62     9.63    11.62
     8.10     5.33     4.46     6.53     9.40    11.35
     9.00     6.63     5.86     7.38     9.81    11.80
     9.02     6.76     5.82     7.84     9.89    11.92
     8.56     6.10     5.27     7.41     9.92    12.12
     9.73     7.62     6.96     8.87    10.21    11.80
     8.74     5.86     4.98     6.83     9.91    11.41
     9.16     6.68     5.88     7.29     9.49    12.37
     8.71     6.14     5.37     7.23     9.99    11.81
