    13.46    12.88    11.57     8.36     5.70     4.96
    13.43    12.83    11.47     8.20     5.19     4.73
    13.18    12.68    11.16     9.05     6.08     5.51
    13.44    12.80    11.30     8.49     6.01     5.21
    13.64    13.13    11.48     8.61     5.45     4.67
    13.44    12.77    11.47     9.05     5.63     4.65
    13.39    12.80    11.44     8.97     6.10     4.70
    13.01    12.52    11.14     8.68     6.44     5.59
    13.52    13.08    11.50     8.37     5.64     4.74
    13.33    12.66    11.16     9.04     6.67     5.92
