    14.55    14.57    13.91    12.42    10.18     7.59
    14.31    14.26    13.63    12.04     9.90     7.83
    14.70    14.44    13.73    12.31    10.12     7.51
    14.56    14.73    13.77    12.15     9.35     7.06
    14.61    14.53    13.49    11.93     8.94     6.38
    14.37    14.30    13.68    12.18     9.68     6.37
    14.25    14.31    13.54    11.73     8.90     6.69
    14.60    14.48    13.92    11.88     9.63     6.69
    14.57    14.60    14.09    12.09     9.91     7.64
    14.33    14.53    13.65    11.75    10.01     7.33
