    11.70    13.08    14.10    14.69    14.71    13.80
    11.49    13.17    14.46    15.02    14.71    13.67
    11.45    13.28    14.21    14.56    14.39    13.55
    11.69    13.69    14.62    15.02    14.99    14.28
    11.70    13.54    14.63    14.95    14.67    13.73
    11.84    13.61    14.65    14.83    14.67    14.06
    11.48    13.49    14.40    14.96    14.52    13.76
    11.74    13.36    14.15    14.62    14.37    13.79
    11.80    13.44    14.27    14.70    14.68    13.85
    11.59    13.41    14.39    14.71    14.95    14.14
