     8.48     5.54     4.64     6.84     9.64    11.03
     8.76     6.50     5.32     7.43     9.86    11.38
     8.37     6.04     5.28     7.11     9.83    11.54
     8.31     5.73     4.98     6.75     9.52    11.19
     8.56     5.13     4.55     6.77     9.61    10.73
     8.32     5.42     4.63     6.88    10.03    11.70
     8.78     5.91     4.97     6.97    10.13    11.97
     8.19     5.84     4.83     7.34    10.12    11.72
     8.43     4.81     4.15     6.14     9.26    11.30
     8.21     5.69     5.03     6.81     9.77    11.58
