     7.61     9.99    12.21    13.89    14.71    15.09
     7.72    10.07    12.16    13.64    14.43    14.98
     7.68    10.25    11.88    13.85    14.53    14.95
     7.71    10.20    12.05    13.66    14.42    14.90
     7.54     9.74    11.65    13.49    14.29    14.70
     7.74     9.86    11.79    13.56    14.29    14.62
     7.84     9.92    11.90    13.42    14.11    14.59
     7.80    10.06    12.33    14.08    14.68    15.11
     7.13     9.84    11.55    13.11    14.12    14.67
     7.25     9.51    11.48    13.48    14.43    15.04
