     6.57     9.72    11.39    13.37    14.32    14.66
     6.36     9.28    11.28    13.18    14.21    14.55
     6.68     9.53    11.35    13.37    14.21    14.45
     6.53     9.44    11.24    13.16    13.93    14.49
     6.51     9.45    11.29    13.13    14.05    14.49
     6.48     9.48    11.44    13.24    14.01    14.64
     6.38     9.66    11.54    13.26    13.96    14.14
     6.18     9.51    11.21    13.29    13.99    14.37
     5.64     9.28    11.40    13.20    13.93    14.40
     6.08     9.52    11.37    13.13    13.89    14.29
