     6.63     5.59     7.84    10.16    11.99    13.70
     7.46     6.90     8.39    10.08    12.00    13.64
     6.28     5.47     7.33    10.13    12.17    13.74
     7.21     6.16     7.70    10.39    12.25    14.14
     6.81     5.93     7.94     9.74    11.96    13.54
     6.87     6.03     8.39    10.15    12.02    13.89
     7.48     6.67     8.18     9.83    12.24    13.50
     6.82     5.83     7.92    10.18    12.06    13.98
     6.69     6.04     8.07    10.16    12.16    13.97
     6.28     5.48     7.17     9.89    11.75    13.79
