    11.65     9.73     7.07     6.06     8.60    10.17
    11.74     9.23     6.73     5.68     7.86    10.45
    11.66     9.17     6.13     5.45     7.00    10.04
    12.04     9.67     6.96     5.46     7.66    10.01
    11.39     9.17     7.19     6.44     7.68    10.02
    11.82     9.39     7.01     6.35     8.34    10.52
    11.61     9.63     7.16     6.15     8.07    10.23
    12.02     9.58     7.08     5.82     7.60    10.21
    11.68     9.70     6.72     5.67     7.78    10.34
    11.77     9.13     6.75     5.48     8.05    10.40
