    11.93     9.26     5.94     5.26     7.43    10.22
    11.63     9.19     6.10     5.18     7.30    10.51
    11.92     9.93     7.11     6.15     8.36    10.37
    11.97     9.70     7.19     6.48     8.25    10.44
    11.40     9.37     7.04     6.23     7.95     9.95
    12.16     9.25     6.07     5.38     7.59    10.46
    11.57     9.62     7.00     5.68     8.02     9.91
    12.03     9.21     6.41     5.61     7.94     9.93
    11.56     9.32     6.71     5.84     8.11    10.09
    12.06     9.11     6.07     5.26     7.88    10.61
