    13.45    12.03     9.38     7.12     6.23     7.95
    13.46    11.88     9.39     7.04     6.28     8.03
    13.01    10.90     9.45     7.70     6.78     8.45
    13.01    11.45     8.95     6.60     5.79     8.25
    13.19    11.57     9.71     7.47     6.34     8.58
    12.90    11.20     8.65     6.77     6.34     7.66
    13.36    11.35     9.43     6.77     5.81     8.11
    13.37    11.80     9.46     7.90     7.22     7.85
    13.11    11.51     8.80     6.13     5.39     7.36
    12.98    11.58     9.48     6.59     5.53     8.25
