     4.84     3.98     6.13     9.09    11.38    13.15
     5.92     5.05     6.65     9.38    11.85    13.18
     5.39     4.78     6.45     9.53    11.64    12.79
     6.47     5.57     8.02     9.82    11.65    13.39
     5.38     4.39     6.90     9.75    11.77    13.81
     5.07     4.23     5.99     9.58    11.55    13.24
     6.00     5.16     7.05     9.53    11.11    13.39
     5.23     4.61     6.88     9.72    11.77    13.27
     5.73     5.01     7.42     9.85    11.50    13.08
     6.22     5.20     7.07     9.58    12.03    13.43
