    13.35    12.77    10.98     9.27     6.99     5.99
    13.41    12.76    10.88     9.19     6.48     5.68
    13.64    13.15    11.69     9.15     6.07     5.28
    13.31    12.41    10.65     8.58     6.15     5.14
    13.29    12.48    10.98     8.75     5.88     5.08
    13.46    12.69    11.22     8.32     5.70     4.65
    13.40    12.80    11.13     8.00     5.30     4.60
    13.66    12.90    11.30     8.13     4.97     4.42
    13.73    13.10    11.64     9.29     5.95     4.98
    13.62    12.95    11.52     9.22     6.33     5.67
