    11.52    13.51    14.68    15.19    14.84    14.02
    12.41    13.61    14.62    15.04    14.82    13.97
    11.93    13.75    14.66    15.07    14.61    13.58
    11.73    13.64    14.62    15.28    14.92    14.01
    11.55    13.51    14.48    14.90    14.60    13.87
    11.91    13.35    14.43    14.86    14.66    14.15
    11.90    13.41    14.76    15.17    15.05    14.14
    11.72    13.44    14.52    15.04    14.85    14.10
    12.19    13.60    14.72    15.05    14.82    13.88
    11.93    13.58    14.82    15.36    15.06    14.05
