     8.17     4.98     3.84     5.73     9.31    11.49
     8.44     6.04     5.45     7.48     9.81    11.50
     9.31     6.42     5.08     7.19     9.54    11.15
     8.43     6.26     5.51     7.30     9.66    11.62
     8.54     6.05     5.33     7.36     9.78    11.48
     8.40     6.42     5.75     6.62     9.11    11.30
     8.46     5.14     4.30     6.27     9.56    11.61
     8.30     5.97     5.30     6.97     9.34    11.62
     8.49     5.57     4.81     7.00     9.56    11.63
     8.63     5.85     4.81     7.01     9.13    11.32
