     6.23     5.58     7.03     9.15    11.32    13.31
     5.02     4.07     5.36     8.85    10.82    12.94
     5.57     4.93     5.89     8.95    10.88    12.70
     6.63     5.87     6.77     8.75    11.13    13.31
     5.23     4.66     5.55     8.95    11.21    13.00
     5.17     4.42     5.61     8.66    11.01    12.49
     4.55     4.04     5.08     8.01    10.79    12.99
     5.13     4.82     5.62     8.19    10.98    12.77
     4.54     3.94     5.34     8.41    10.97    13.15
     5.62     4.42     5.91     8.18    10.51    12.58
