     9.53    12.06    13.42    14.18    14.64    14.78
     9.60    12.13    13.63    14.54    14.94    14.58
     9.05    11.75    13.39    14.25    14.90    14.75
     9.88    11.95    13.68    14.59    15.01    14.60
     9.63    11.69    13.46    14.45    14.69    14.54
     9.25    11.91    13.48    14.23    14.69    14.59
     9.03    11.29    13.23    14.21    14.65    14.49
     9.48    11.42    13.01    13.86    14.48    14.10
     9.22    11.20    13.52    14.39    14.58    14.22
     9.33    10.98    13.30    14.17    14.78    14.66
