     8.27     9.94    12.11    13.47    14.26    14.78
     8.19    10.14    11.78    13.86    14.83    15.38
     7.90     9.93    11.87    13.30    14.30    14.98
     7.90    10.18    12.32    13.68    14.66    15.17
     8.10    10.03    12.03    13.58    14.45    15.03
     8.50    10.13    12.20    13.64    14.44    14.89
     7.94     9.91    12.13    13.66    14.37    15.10
     8.18    10.27    11.82    13.33    14.23    14.70
     7.92     9.73    11.89    13.50    14.32    14.81
     7.94     9.92    11.46    13.42    14.20    14.90
