     3.68     5.50     9.64    11.46    12.98    13.86
     4.29     5.88     9.16    11.59    12.94    13.70
     4.36     6.07     9.23    11.09    12.74    13.97
     4.47     6.33     9.41    11.54    12.97    14.02
     4.52     6.71     9.85    11.58    13.21    14.23
     3.90     5.71     8.96    10.71    12.87    13.73
     4.02     5.45     8.76    10.97    12.89    14.09
     4.30     5.82     9.02    11.17    12.73    13.70
     3.79     5.27     9.45    11.61    13.38    14.45
     3.72     5.84     9.18    11.13    13.18    13.98
