    11.67    13.24    14.11    14.38    14.32    13.66
    11.46    13.28    14.52    15.08    14.83    13.86
    11.72    13.82    14.81    15.30    15.08    14.33
    11.95    13.87    14.90    15.18    14.92    14.24
    11.90    13.85    14.74    15.13    14.72    13.98
    11.53    13.55    14.54    15.02    14.82    14.09
    12.11    13.57    14.53    14.80    14.47    13.51
    11.83    13.55    14.68    15.19    15.14    13.70
    11.96    14.09    14.71    15.10    14.77    14.02
    11.94    13.88    14.66    15.00    14.88    14.06
