    13.35    12.78    11.68     9.07     6.43     5.16
    13.28    12.87    11.59     8.92     6.08     4.95
    13.72    13.13    11.16     9.26     5.85     4.76
    13.71    12.89    11.70     9.50     6.51     5.67
    13.95    13.23    11.83     8.74     5.56     4.94
    13.69    13.05    11.41     8.43     5.69     4.88
    13.36    12.55    11.36     8.65     6.12     5.01
    14.04    13.03    11.69     8.79     5.75     4.73
    14.00    13.24    11.20     7.97     4.64     3.95
    13.67    13.11    11.33     8.52     5.42     4.54
