     7.33    10.09    12.13    13.98    14.70    15.29
     8.38    10.12    12.03    13.90    14.78    15.26
     7.23     9.93    12.12    13.82    14.71    15.31
     7.75    10.01    12.09    13.66    14.47    14.69
     7.31    10.16    11.57    13.45    14.61    15.02
     7.34    10.20    11.98    13.54    14.38    14.77
     7.09     9.94    12.14    13.62    14.54    15.33
     7.10     9.88    11.80    13.61    14.56    14.87
     7.52    10.04    11.99    13.72    14.48    15.02
     7.68    10.33    12.15    13.44    14.42    14.95
