    12.95    13.77    14.32    14.15    13.41    11.40
    12.99    13.98    14.62    14.59    13.71    11.66
    12.82    13.91    14.68    14.52    13.71    11.25
    12.65    13.73    14.35    14.36    13.59    11.87
    13.34    14.62    15.01    14.92    13.59    11.61
    12.92    14.10    14.55    14.36    13.53    11.69
    13.11    14.13    14.85    14.63    13.74    12.10
    13.14    14.08    14.53    14.57    13.85    12.15
    13.08    14.20    14.54    14.56    13.75    11.59
    12.82    13.75    14.64    14.47    13.55    12.36
