    13.53    13.08    11.62     8.98     6.78     6.10
    13.46    12.86    11.64     9.98     6.82     5.55
    13.40    12.67    11.55     8.90     6.66     5.58
    13.60    12.70    11.27     9.04     7.14     6.56
    13.53    12.92    11.55     9.32     6.56     6.22
    13.54    12.84    11.72     9.58     7.19     6.23
    13.97    13.27    11.35     9.54     7.17     6.39
    13.45    12.93    11.53     9.15     6.96     6.05
    13.32    12.76    11.39     8.68     5.55     4.98
    13.58    13.10    11.80     8.77     6.27     5.42
