     7.08     9.84    11.83    13.59    14.42    14.70
     7.43     9.85    12.01    13.68    14.30    14.93
     6.53     9.66    12.11    13.55    14.43    15.06
     6.82     9.39    11.71    13.57    14.57    14.94
     7.13     9.63    11.97    13.60    14.44    14.81
     6.53     9.73    11.82    13.25    14.34    14.87
     7.27     9.86    11.64    13.40    14.34    14.66
     5.74     8.87    11.22    13.43    14.46    14.82
     6.46     9.15    10.99    12.95    13.97    14.58
     7.15     9.52    11.51    13.44    14.31    14.76
