    12.06    13.57    14.45    14.86    14.72    13.79
    11.91    13.16    14.15    14.63    14.58    13.86
    12.03    13.71    14.64    14.81    15.01    14.22
    11.85    13.50    14.53    14.89    14.73    13.88
    12.11    13.59    14.65    15.26    15.06    14.10
    11.98    13.27    14.27    14.57    14.56    13.68
    11.48    13.60    14.48    14.89    14.86    14.01
    12.04    13.46    14.60    15.14    15.02    13.88
    11.77    13.60    14.63    14.98    14.95    13.93
    12.17    13.72    14.39    14.86    14.80    13.94
