     6.34     9.83    11.87    13.56    14.23    14.67
     6.19     9.33    11.38    12.93    13.99    14.67
     6.51     9.88    11.73    13.70    14.30    14.56
     6.38     9.39    11.47    12.92    13.97    14.36
     5.77     9.17    11.17    13.54    14.25    14.36
     6.37     9.33    11.19    13.04    13.99    14.26
     6.29     9.78    11.59    13.01    13.76    14.34
     6.16     9.37    11.45    12.95    14.15    14.60
     6.20     9.24    11.23    13.07    14.19    14.58
     6.59     9.67    11.66    13.13    14.13    14.63
