    14.16    13.32    11.50     9.07     6.46     5.31
    14.13    13.31    11.69     9.19     6.94     6.13
    14.27    13.41    11.83     9.48     6.10     5.18
    13.92    13.61    11.61     8.30     6.20     5.41
    13.97    13.38    11.74     9.48     7.24     6.54
    13.92    13.05    11.48     9.18     6.60     5.72
    14.16    13.57    12.15    10.10     8.04     7.21
    14.01    13.36    11.65     9.34     5.75     4.75
    13.88    13.06    11.72     9.06     6.73     6.06
    13.48    12.80    11.23     9.07     7.07     5.86
