     8.74     5.96     5.01     7.24     9.74    11.16
     9.43     6.38     5.69     8.30    10.38    12.08
     8.83     5.57     4.41     6.13     9.02    10.57
     8.98     6.47     5.64     7.08     9.59    11.40
     9.46     6.19     5.55     8.08     9.79    11.81
     8.84     5.25     4.77     6.95     9.91    11.64
     7.99     5.77     4.75     6.39     9.24    11.96
     8.96     6.35     5.34     7.37     9.35    11.25
     8.86     6.08     4.98     7.41     9.72    11.41
     8.55     5.60     4.39     6.69     9.68    11.34
