     8.67     5.10     4.24     6.11     9.37    11.27
     8.38     5.84     4.84     6.91     9.62    11.53
     8.89     6.21     5.34     7.33     9.89    11.64
     8.76     6.03     4.63     7.04     9.19    11.13
     9.20     6.21     5.17     7.53     9.96    11.40
     8.32     5.37     4.67     6.82     9.74    11.27
     9.05     5.78     4.64     6.74     9.82    11.29
     8.47     5.98     5.15     7.08     9.88    11.36
     8.99     5.26     3.83     5.97     9.73    11.44
     7.99     5.22     4.34     6.46    10.05    11.35
