    14.34    13.82    11.72     9.40     7.31     6.37
    14.18    13.38    11.48     9.30     7.24     6.20
    13.96    13.00    11.20     9.22     7.88     7.23
    13.72    13.21    11.38     9.17     7.12     6.58
    14.05    13.54    11.74     9.53     7.74     7.16
    13.89    13.07    11.39     9.38     7.28     6.62
    14.25    13.58    11.12     9.22     6.94     6.11
    13.93    13.44    11.86     9.70     7.52     6.37
    13.95    13.43    11.58     8.90     6.30     5.67
    13.76    13.05    11.30     9.65     7.38     6.53
