     5.05     7.48     9.80    11.71    13.15    13.99
     6.24     7.87    10.14    11.89    13.48    14.28
     5.47     7.85     9.86    11.91    13.66    14.42
     6.04     7.24     9.15    11.48    13.40    14.18
     6.66     8.25    10.31    12.35    13.83    14.79
     5.98     7.96     9.90    11.53    13.21    14.09
     5.95     7.83    10.30    11.77    13.70    14.42
     5.69     8.15    10.17    11.50    13.31    14.14
     4.74     7.72     9.78    11.89    13.07    14.33
     4.90     7.76    10.04    11.82    13.71    14.45
