    10.95     7.93     5.33     4.48     6.57     9.24
    11.60     8.90     6.17     5.49     7.77     9.73
    11.25     8.54     5.78     5.05     6.79     9.06
    11.47     9.64     7.18     6.09     8.50    10.08
    11.13     9.58     6.25     5.34     7.47     9.86
    11.03     8.60     5.37     4.64     5.65     9.27
    10.62     9.42     6.38     5.06     7.12     9.62
    11.43     9.06     6.10     5.24     7.67     9.91
    11.29     8.89     5.97     4.94     6.59     9.13
    11.33     9.00     6.41     5.60     7.56     9.75
