    13.48    14.24    13.98    13.35    11.98     9.90
    13.64    14.28    14.24    13.36    12.12     8.72
    13.40    14.20    14.06    13.42    11.91     8.71
    13.71    14.16    14.21    13.60    12.26     9.85
    13.27    14.11    14.03    13.34    11.98     9.35
    13.64    14.18    14.37    13.66    11.99     9.37
    13.40    14.25    14.31    13.43    11.83     8.69
    13.76    14.33    14.41    13.44    11.64     9.58
    13.61    14.18    14.28    13.52    11.47     8.52
    13.49    14.04    14.23    13.52    11.72     9.43
