    12.69    11.69     9.00     6.43     5.70     7.21
    12.57    11.21     8.48     6.45     5.67     6.85
    12.68    11.47     9.45     6.16     5.47     7.21
    12.36    11.00     8.59     6.08     5.12     7.05
    12.88    11.49     8.84     5.01     4.40     6.09
    12.69    11.27     8.40     5.90     5.11     6.89
    12.63    11.47     9.09     5.83     4.95     7.26
    12.51    11.26     8.85     5.95     5.05     7.02
    12.88    11.41     8.51     5.16     4.07     6.69
    12.58    11.07     8.88     6.52     5.61     7.35
