     8.13    10.42    12.61    14.16    14.99    15.55
     8.23     9.79    12.14    13.41    14.33    14.69
     7.46    10.32    11.92    13.82    14.55    15.14
     7.65    10.04    11.84    13.47    14.16    14.72
     8.05     9.93    12.51    13.75    14.54    14.96
     7.78     9.91    12.43    13.74    14.47    14.88
     7.72     9.72    12.25    14.07    14.88    15.38
     7.38     9.78    11.92    13.69    14.44    14.91
     7.39     9.88    12.05    13.42    14.52    15.26
     7.37     9.68    12.26    13.85    14.59    14.84
