    13.57    14.61    15.09    14.76    13.97    12.14
    13.95    14.89    15.45    15.39    14.47    12.21
    13.55    14.34    14.80    14.60    13.97    11.94
    13.87    14.76    15.06    14.78    14.02    12.17
    13.96    14.76    15.17    14.91    13.93    12.44
    13.50    14.20    14.74    14.58    13.94    12.20
    13.72    14.64    15.18    15.01    14.11    12.39
    13.74    14.73    15.03    15.02    13.95    12.12
    13.90    14.91    15.13    15.03    14.46    12.35
    13.66    14.84    15.34    15.25    14.14    11.99
