    11.43    13.18    14.30    14.61    14.48    13.88
    11.54    13.21    14.23    14.60    14.52    13.41
    11.46    13.40    14.30    14.40    14.00    13.13
    11.30    13.34    14.45    14.82    14.48    13.71
    11.34    12.94    14.06    14.24    14.20    13.47
    11.49    13.18    13.98    14.51    14.20    13.27
    11.13    13.06    13.79    14.44    14.28    13.16
    11.87    13.24    14.23    14.60    14.46    13.59
    11.56    13.49    14.23    14.74    14.77    13.70
    11.74    13.51    14.27    14.95    14.62    13.29
