    14.40    14.47    13.53    11.92     8.69     6.17
    14.32    14.42    13.58    11.86     8.98     6.25
    14.33    14.36    13.33    11.53     9.52     6.77
    14.08    14.12    13.52    11.49     9.46     6.42
    14.23    14.30    13.37    11.78     9.44     6.29
    14.06    14.09    13.58    11.67     8.87     6.19
    14.55    14.56    13.92    12.10     9.77     7.01
    14.40    14.44    13.72    11.93     9.25     6.03
    14.29    14.27    13.42    11.61     9.49     6.95
    14.09    14.02    13.40    11.53     9.64     7.71
