    12.98    14.06    14.67    14.62    13.49    11.90
    13.24    14.35    15.11    15.02    14.25    12.27
    13.37    14.35    14.70    14.48    13.79    12.32
    13.48    14.37    14.52    14.29    13.54    12.13
    13.02    14.33    14.97    14.66    13.93    11.77
    13.36    14.37    14.80    14.88    14.22    12.52
    13.19    14.35    14.69    14.69    13.71    11.75
    12.87    13.76    14.19    14.13    13.24    11.55
    13.22    14.35    14.79    14.73    13.61    11.56
    13.30    14.36    15.04    14.72    13.65    11.93
