    11.58     9.16     6.62     5.65     6.99     9.34
    11.84     9.39     6.81     5.81     7.79    10.07
    11.68     8.27     5.93     5.14     6.50     9.10
    11.81     9.04     6.43     5.27     7.32    10.09
    12.12     9.43     6.68     5.69     7.41    10.73
    11.79     9.07     6.65     5.63     7.09     9.33
    12.00     9.48     6.40     5.64     7.78    10.27
    11.60     8.74     5.82     4.92     6.87    10.27
    11.55     8.80     6.42     5.44     7.24    10.24
    10.57     9.06     6.76     6.05     7.59    10.04
