    13.42    14.77    15.18    15.02    14.47    11.93
    13.62    14.52    15.01    14.79    14.02    11.89
    13.32    14.45    15.08    14.98    14.34    12.02
    13.67    14.79    15.30    14.90    14.39    12.22
    13.71    14.80    15.30    15.37    14.21    11.57
    13.68    14.61    15.01    14.84    14.11    12.42
    13.56    14.70    15.28    15.01    13.96    12.30
    13.78    14.70    15.31    15.19    14.40    11.36
    13.84    14.84    15.19    15.00    14.16    11.87
    13.42    14.63    15.16    15.15    14.41    12.08
