     7.91     9.84    11.63    13.44    14.38    14.82
     8.12     9.79    11.72    13.53    14.34    14.85
     7.00     9.55    11.68    13.70    14.54    15.25
     7.73     9.67    11.41    13.52    14.53    15.09
     7.22    10.10    12.09    13.25    14.59    15.09
     7.58     9.99    11.95    13.75    14.51    15.00
     7.61     9.83    11.92    13.32    14.38    14.99
     6.79     9.66    11.46    13.46    14.39    14.65
     7.43     9.53    12.01    13.52    14.64    14.98
     7.49     9.93    11.67    13.64    14.28    14.77
