    12.87    11.26     8.69     6.34     5.59     6.94
    12.85    11.92     9.65     7.08     6.38     8.37
    12.68    11.60     8.50     5.82     5.13     6.00
    12.72    11.53     8.47     6.60     6.33     7.90
    12.49    11.27     8.98     6.82     6.22     7.81
    12.73    11.71     9.59     7.14     6.32     8.24
    12.97    11.25     9.44     6.84     5.74     7.42
    12.70    11.33     9.04     6.86     6.38     8.04
    12.38    11.30     8.84     6.35     5.41     6.74
    12.80    11.56     9.06     6.24     5.50     7.38
