    12.35    14.04    14.95    15.32    15.22    13.71
    12.12    13.39    14.22    14.69    14.64    13.52
    11.86    13.61    14.55    15.06    14.90    14.04
    12.12    13.63    14.30    14.87    14.69    14.01
    11.73    13.78    14.60    15.03    14.90    13.87
    11.78    13.48    14.31    14.81    14.67    13.83
    11.75    13.50    14.32    15.11    15.20    14.23
    12.08    14.05    14.79    15.14    15.02    13.83
    12.10    13.66    14.76    15.22    15.06    14.27
    12.11    13.50    14.64    15.45    15.18    14.16
