    14.30    14.63    14.35    13.76    12.14     9.80
    14.49    14.99    14.74    13.88    11.94     9.57
    14.04    14.84    14.84    13.98    12.05     9.81
    14.35    14.97    14.85    13.97    12.07     9.97
    14.30    14.96    14.68    13.50    12.09     9.19
    14.05    14.81    14.88    13.76    12.00     9.10
    14.26    14.89    14.66    14.34    12.63     9.80
    14.26    14.77    14.84    13.79    11.96     9.47
    14.25    14.90    14.63    13.73    11.24     8.92
    14.50    15.03    14.75    13.94    12.08     9.74
