    14.31    14.94    15.02    14.33    12.51     9.88
    14.45    14.85    14.84    14.24    12.33     9.88
    14.41    14.97    14.92    14.15    12.18     9.64
    14.40    14.94    14.64    14.19    12.69    10.17
    14.37    15.14    14.82    13.88    12.10     9.47
    13.99    14.88    14.75    13.88    11.77     9.48
    14.23    15.06    14.79    13.95    11.73     8.50
    14.11    14.78    14.67    13.66    11.47     9.16
    14.34    14.83    14.73    14.21    12.22     9.66
    14.15    14.86    15.03    14.32    12.08     9.32
