    13.61    14.34    14.36    13.42    11.76     8.72
    13.16    13.86    13.97    12.98    11.26     8.07
    13.36    14.24    14.26    13.26    11.95     9.63
    13.51    14.25    14.05    13.23    11.44     9.18
    13.55    14.35    14.48    13.94    11.51     9.22
    13.50    14.44    14.36    13.47    11.55     9.20
    13.48    14.08    13.91    12.94    11.45     8.26
    13.80    14.23    14.15    13.45    11.70     9.25
    13.67    14.39    14.50    13.68    11.60     8.32
    13.33    13.94    14.16    13.46    11.76     9.39
