     6.03     5.07     7.26     9.37    11.68    13.00
     5.56     4.92     6.69     9.75    11.52    13.16
     5.60     5.09     6.52     9.58    11.59    13.34
     6.15     5.60     7.47    10.06    12.03    13.47
     6.63     5.57     7.33     9.87    11.76    13.12
     6.46     5.52     7.53     9.75    11.76    13.40
     7.01     6.05     8.01     9.84    11.78    13.72
     5.56     4.63     6.49     9.56    11.48    12.91
     6.00     5.06     6.66     9.33    11.68    13.73
     6.71     5.89     7.64     9.58    11.51    13.10
