     3.52     4.64     8.98    10.95    12.89    14.18
     3.99     5.86     9.08    11.30    13.33    14.24
     3.50     5.42     9.29    11.53    13.62    14.51
     5.44     6.69     9.55    11.39    13.33    14.47
     4.09     6.28     9.38    11.75    13.82    14.46
     4.29     6.08     9.43    11.09    13.42    14.51
     3.84     5.21     9.02    11.39    13.30    14.18
     4.16     5.53     9.61    11.51    13.63    14.42
     4.78     6.44     9.31    11.45    13.30    14.39
     4.05     5.56     8.46    10.97    13.36    14.41
