    11.72    13.23    14.15    14.79    14.82    13.63
    11.45    13.19    14.53    14.76    14.58    13.79
    11.54    13.10    14.08    14.73    14.65    14.07
    11.23    12.98    13.79    14.16    14.15    13.24
    11.14    13.19    14.01    14.40    14.20    13.38
    11.68    13.04    13.92    14.34    14.18    13.45
    11.24    13.01    14.04    14.49    14.65    13.73
    11.55    13.10    13.95    14.56    14.56    13.45
    11.28    13.36    14.29    14.87    14.86    13.91
    11.33    13.49    14.41    15.04    14.81    13.94
