     6.70     5.92     8.06     9.98    12.43    13.86
     6.59     6.15     7.91    10.00    12.44    14.21
     6.15     5.42     7.14    10.03    11.51    13.48
     6.91     6.15     8.24    10.36    12.07    13.83
     6.16     5.31     6.87     9.54    11.83    13.44
     6.03     5.29     7.44     9.99    11.65    13.66
     7.02     6.12     7.99     9.84    11.32    13.09
     6.01     5.34     7.11     9.70    11.48    13.62
     6.03     4.92     7.38     9.39    11.12    13.15
     7.25     6.21     8.29     9.90    11.94    13.60
