     9.96    11.87    13.69    14.54    15.11    15.14
    10.25    12.65    13.79    14.60    15.08    15.03
     9.90    12.17    13.94    14.65    15.15    15.13
    10.37    12.44    14.29    14.90    15.46    15.25
    10.12    12.03    13.83    14.33    14.78    14.85
    10.09    11.74    13.81    14.47    15.08    15.09
     9.93    11.91    13.46    14.44    14.95    15.16
    10.24    12.29    13.85    14.82    15.29    15.36
    10.00    12.21    13.94    14.79    15.37    15.20
    10.22    12.25    13.76    14.73    15.10    14.86
