     6.03     5.06     7.21     9.82    11.58    13.61
     7.06     6.19     7.64     9.85    11.32    13.42
     6.31     5.85     7.57    10.00    12.26    13.70
     6.73     6.17     7.62    10.00    11.87    13.61
     7.40     6.64     7.69    10.03    12.22    13.87
     6.34     6.04     7.85    10.00    12.02    13.55
     7.07     6.06     7.53    10.20    11.89    13.51
     6.28     5.79     7.52    10.03    11.34    13.67
     5.56     4.77     6.77     9.76    11.54    13.69
     6.00     5.16     7.87     9.93    11.70    13.44
