    14.48    15.07    14.91    14.03    11.91     9.86
    14.67    14.99    14.65    13.75    11.82     9.60
    14.24    14.75    14.58    13.75    11.90     9.81
    14.72    15.34    14.90    14.02    12.50    10.10
    14.50    14.98    14.76    13.82    12.14     9.78
    14.46    15.20    14.94    13.79    11.85     8.94
    14.34    15.27    15.23    14.16    12.05    10.05
    14.43    15.05    14.80    14.02    12.18     9.43
    14.40    15.17    15.26    13.73    11.62    10.23
    14.44    14.99    15.05    14.14    12.08     9.66
