    11.48     9.08     6.73     5.75     7.87    10.18
    11.52     9.04     7.11     7.02     7.74     9.97
    11.76     8.24     6.06     5.65     6.91    10.13
    11.43     9.69     7.74     6.79     8.84    10.13
    11.93     9.62     6.94     6.15     8.11    10.07
    11.65     9.04     6.78     6.09     7.25     9.59
    11.96     9.50     6.97     6.13     7.96    10.05
    11.35     9.08     6.32     5.37     7.78    10.12
    12.18     9.85     7.81     7.05     9.22    10.57
    11.49     9.20     6.59     5.65     7.66     9.68
