     5.77     8.69    10.83    12.49    13.51    14.20
     6.62     9.01    10.93    12.91    13.90    14.14
     5.73     8.78    11.35    13.02    13.72    14.28
     6.13     8.80    11.24    12.82    13.93    14.60
     6.19     8.98    11.15    13.02    14.00    14.20
     5.48     8.59    10.81    12.59    13.39    14.09
     5.57     9.04    11.37    12.79    13.74    14.19
     6.61     8.84    10.43    12.28    13.39    13.86
     5.90     9.02    10.92    12.75    13.90    14.45
     6.97     9.13    11.62    13.04    13.87    14.48
