    13.27    12.77    11.43     8.69     5.58     4.88
    13.87    12.74    11.51     8.62     4.99     4.04
    13.43    12.68    10.52     8.17     4.97     4.19
    13.45    12.73    11.15     8.08     5.33     4.48
    13.88    13.05    11.37     8.71     5.33     4.42
    13.49    12.85    11.48     9.15     6.53     5.30
    13.66    12.85    10.85     8.44     6.59     5.24
    13.54    13.03    11.66     8.21     5.24     4.40
    13.58    12.94    11.30     9.06     6.42     5.61
    13.66    12.78    11.22     8.59     5.76     5.19
