    10.21    12.64    14.10    14.84    15.39    15.07
     9.98    12.08    13.74    14.68    15.22    14.84
     9.91    11.97    13.66    14.70    14.98    14.82
     9.83    11.91    13.83    15.03    15.63    15.48
    10.31    12.44    13.98    14.79    15.10    14.86
    10.14    12.06    13.65    14.53    14.85    14.60
     9.82    11.97    13.74    14.79    15.07    14.91
     9.81    12.14    13.87    14.50    15.07    14.86
    10.21    12.80    14.18    15.07    15.39    15.09
    10.18    12.15    13.83    14.64    14.96    15.05
