    13.79    14.56    14.47    13.40    11.55     9.54
    13.86    14.48    14.48    13.62    11.75     9.28
    13.89    14.58    14.39    13.57    12.12     9.55
    14.03    14.67    14.46    13.78    12.23    10.09
    13.83    14.52    14.48    13.36    11.79     9.38
    13.67    14.29    14.21    13.64    11.90     8.71
    13.59    14.26    14.33    13.55    11.86     9.07
    13.95    14.45    14.29    13.38    11.68     9.37
    13.64    14.31    14.29    13.47    11.64     9.45
    14.33    14.83    14.91    13.76    11.91     8.79
