     9.04    11.48    13.15    13.88    14.35    14.43
     9.25    11.13    13.39    14.12    14.53    14.25
     9.28    11.33    13.20    14.03    14.15    14.14
     9.52    11.44    13.29    14.34    14.85    14.59
     9.49    11.52    13.47    14.19    14.61    14.30
     8.91    11.36    12.89    13.88    14.43    14.38
     9.80    11.78    13.03    13.81    14.30    14.26
     9.18    11.10    13.17    13.94    14.38    14.34
     9.29    11.65    13.37    14.28    14.88    14.38
     9.15    11.48    13.08    14.07    14.37    13.95
