    11.53     8.76     4.46     3.44     5.60     9.63
    11.20     8.75     5.76     4.63     7.16     9.34
    11.27     8.95     6.31     5.44     7.48     9.92
    10.72     9.00     5.76     4.83     8.19    10.04
    11.20     9.31     6.05     5.20     7.18     9.60
    10.79     8.39     5.08     4.39     6.45     9.44
    11.49     9.45     5.64     4.56     7.80    10.19
    11.55     8.88     5.85     4.90     7.25    10.00
    11.60     9.21     5.11     4.28     6.66     9.89
    11.19     7.91     5.00     3.88     5.58     8.52
