    13.61    13.63    12.98    11.98     9.49     6.27
    13.78    13.94    13.42    11.74     8.87     6.16
    13.53    13.61    12.83    11.59     9.18     5.66
    13.97    14.12    13.42    12.08     9.68     6.73
    13.90    14.02    13.10    11.72     9.79     6.72
    13.71    13.73    13.27    11.85     9.32     6.40
    13.60    14.00    13.51    12.03     9.66     5.52
    13.58    13.74    13.06    11.17     9.04     6.45
    13.63    13.50    12.91    11.43     8.77     6.53
    13.91    13.78    13.04    11.01     9.36     6.52
