    13.64    13.61    13.15    11.62     9.38     6.07
    13.62    13.67    12.87    11.48     9.43     7.35
    13.57    13.64    12.86    11.54     9.53     6.48
    13.74    13.84    13.16    11.64     8.79     6.96
    14.06    13.83    13.25    11.90     8.00     4.94
    13.61    13.65    12.84    11.10     8.66     6.17
    13.51    13.84    13.45    11.82     8.96     6.30
    13.39    13.49    12.89    11.41     8.73     5.60
    13.70    13.91    13.14    11.60     8.48     5.64
    13.87    13.95    13.14    11.50     9.02     6.09
