    11.41     8.00     5.32     4.47     5.84     9.29
    11.05     8.46     6.13     5.47     7.47    10.05
    11.04     7.79     5.53     4.67     6.87     9.53
    11.34     8.63     6.66     5.82     7.61     9.49
    10.99     8.17     6.34     5.67     7.73     9.82
    10.91     8.58     6.57     6.01     7.55     9.63
    11.20     8.28     5.45     4.60     6.84     9.56
    11.17     8.39     4.96     3.91     6.40     9.50
    11.22     8.91     6.21     5.30     7.26     9.51
    10.60     8.52     6.30     5.50     7.43     9.57
