    14.29    14.32    13.78    12.04     9.77     7.38
    14.21    14.33    13.34    11.52     8.98     6.16
    13.92    14.02    12.97    11.46     8.83     6.50
    14.05    13.96    13.03    11.89     9.53     6.24
    14.24    14.14    13.22    11.79     9.76     7.51
    13.84    13.93    13.43    12.05     9.83     6.20
    13.91    14.01    13.40    11.60     8.79     6.17
    14.15    14.41    13.47    11.68     9.38     6.77
    14.13    14.18    13.35    12.16     9.29     5.87
    14.15    14.07    13.37    11.93     9.36     6.36
