    14.22    14.91    14.79    13.78    12.41     9.41
    13.97    14.61    14.62    13.52    11.76     9.69
    13.59    14.38    14.24    13.51    11.35     8.87
    14.01    14.72    14.70    13.57    11.82     9.56
    14.01    14.83    14.85    13.90    12.21     9.55
    13.84    14.72    14.71    13.97    12.26     9.75
    13.68    14.47    14.44    13.89    12.65     9.14
    14.03    14.88    15.00    13.91    11.86     9.48
    13.89    14.54    14.51    13.53    11.66     9.24
    13.97    14.85    14.88    14.08    12.20     9.31
