     5.14     7.48     9.94    11.75    13.60    14.73
     6.02     7.53     9.90    12.24    13.79    14.48
     5.16     7.20     9.87    11.65    13.73    14.42
     5.13     7.46    10.08    11.98    13.34    14.32
     6.17     8.00    10.34    12.17    13.76    14.36
     5.84     7.63     9.93    11.62    13.99    14.71
     5.82     8.08    10.25    11.70    13.66    14.37
     5.40     7.32     9.96    12.01    13.68    14.69
     5.36     7.41    10.03    11.45    13.31    14.24
     5.16     6.75     9.55    11.57    13.82    14.57
