     6.13     5.09     6.37     9.84    11.99    13.71
     6.33     5.49     7.80    10.23    12.07    13.60
     6.86     5.90     8.16    10.13    12.36    13.76
     7.67     6.61     8.37    10.10    11.80    13.85
     6.87     6.07     7.47    10.06    11.93    13.47
     5.42     4.58     6.71    10.21    11.64    13.52
     6.78     5.95     8.54    10.39    12.10    13.73
     6.45     5.66     7.68    10.05    12.35    13.81
     6.09     4.92     7.48     9.90    12.05    13.67
     5.81     5.23     7.17    10.20    12.15    13.87
