     9.05     6.45     5.57     7.74    10.38    11.99
     9.28     6.54     5.46     7.64    10.14    12.18
     9.85     7.33     6.21     8.38    10.31    11.87
     9.64     8.03     7.20     8.73    10.25    12.04
     9.19     7.06     6.05     7.42     9.88    11.79
     9.44     5.95     5.06     7.27    10.31    12.60
     9.60     7.34     6.01     8.00    10.27    12.20
     9.23     6.55     5.92     7.87    10.19    11.88
     8.93     6.38     5.59     7.96    10.46    12.37
     8.75     6.14     4.98     6.71     9.44    12.14
