     6.24     5.32     6.96     9.90    11.12    12.73
     6.78     6.04     7.40     9.17    11.76    13.78
     6.47     5.45     7.52    10.06    12.02    13.66
     6.50     5.77     7.79     9.87    11.77    13.74
     7.27     6.27     7.33    10.03    11.45    13.27
     6.39     5.68     7.33     9.89    12.14    13.94
     7.05     5.99     7.31     9.85    12.00    13.84
     6.22     5.58     7.23    10.01    12.00    13.45
     6.30     5.75     7.90    10.15    11.59    13.57
     6.32     5.26     7.00     9.52    11.69    13.56
