     6.34     8.94    11.74    13.14    14.15    14.61
     6.93     9.22    11.43    13.11    14.00    14.50
     6.77     9.42    11.32    13.05    13.94    14.30
     6.87     9.86    11.61    13.14    13.98    14.48
     6.76     9.64    12.13    13.81    14.43    15.02
     6.35     9.20    11.52    13.39    14.50    14.87
     6.78     9.67    11.48    13.15    13.91    14.37
     6.42     9.18    11.63    13.21    14.24    14.82
     6.25     9.13    11.33    12.81    13.94    14.53
     6.90     9.49    11.83    13.50    14.30    14.69
