    12.89    14.02    14.74    14.48    13.74    12.43
    12.47    13.56    14.22    14.33    13.50    11.87
    13.03    14.20    14.80    14.69    13.91    12.24
    12.78    13.86    14.43    14.41    13.58    11.82
    12.96    14.02    14.47    14.26    13.44    11.19
    13.00    14.19    14.40    14.25    13.21    11.46
    12.93    13.74    14.32    14.43    13.49    11.89
    12.94    14.06    14.65    14.40    13.48    11.98
    12.99    14.19    14.94    15.01    13.74    11.60
    12.72    13.88    14.42    14.35    13.33    11.80
