     4.48     6.43     9.41    11.43    13.03    14.03
     4.58     6.22     9.37    11.41    13.22    14.07
     4.18     5.92     8.92    10.94    13.05    13.76
     4.66     5.84     9.37    11.40    12.77    13.63
     4.15     6.01     9.36    11.31    13.30    14.15
     4.91     6.23     9.44    11.31    13.10    13.94
     4.44     6.31     9.59    10.87    12.98    13.55
     4.71     6.16     9.35    11.27    13.28    14.17
     4.14     5.83     9.40    11.57    13.34    14.10
     4.61     6.38     9.50    11.05    13.01    13.78
