    13.66    12.33     9.86     7.26     6.10     8.04
    13.14    11.78     9.62     7.80     6.79     8.70
    13.17    11.84     8.68     6.64     5.53     7.44
    13.38    11.58     9.21     7.53     7.28     8.36
    13.36    11.98     9.29     5.97     5.40     7.21
    13.01    11.40     8.91     7.18     5.96     7.64
    13.17    11.53     9.28     7.31     6.52     8.05
    13.12    11.57     9.33     7.02     6.39     7.77
    13.26    11.98     9.68     7.65     6.52     8.26
    13.32    11.76     8.84     6.19     5.43     7.09
