    13.04    14.25    14.91    14.68    13.90    11.93
    12.63    13.67    13.96    13.81    12.96    11.77
    13.30    14.44    14.95    14.82    13.89    11.70
    12.99    13.91    14.50    14.35    13.56    11.28
    13.04    14.25    14.88    14.65    13.77    11.90
    12.99    13.85    14.25    14.36    13.35    11.64
    12.99    14.10    14.62    14.36    13.48    11.78
    13.11    14.19    15.01    14.89    13.83    12.12
    13.07    13.83    14.44    14.29    13.34    11.56
    12.92    14.24    14.85    14.78    13.80    11.94
