    11.91     8.98     6.77     5.89     7.95    10.13
    11.72     9.37     7.30     6.37     8.25    10.19
    10.71     9.40     7.44     6.79     8.64    10.29
    11.25     8.44     6.67     6.21     7.23    10.07
    11.40     9.27     6.32     5.62     7.71    10.26
    11.27     9.17     7.08     6.16     8.04     9.81
    11.18     9.30     6.74     5.84     7.78    10.14
    11.66     9.48     7.13     6.55     7.85    10.08
    11.40     8.88     6.55     6.29     7.66     9.93
    11.32     9.21     6.06     5.16     6.59     9.50
