     9.59    11.41    13.33    14.45    15.05    15.00
     9.51    12.32    13.66    14.73    15.05    15.10
     9.73    12.02    13.67    14.61    15.10    15.10
     9.60    11.47    13.33    14.35    14.74    14.43
     9.53    11.28    12.91    13.96    14.67    14.64
     9.40    11.77    13.71    14.69    15.24    15.09
     9.22    11.71    13.48    14.66    15.35    15.24
     9.73    11.97    13.37    14.11    14.68    14.73
     9.59    12.05    13.46    14.58    15.07    14.65
     9.25    11.74    13.79    14.86    15.15    14.94
