    13.70    14.38    14.05    13.25    11.76     9.27
    13.63    14.06    13.97    12.84    11.50     9.38
    13.41    13.93    14.01    13.14    11.38     9.05
    13.50    14.05    14.08    13.11    11.10     9.59
    13.43    14.27    14.12    13.24    11.76     9.16
    13.34    13.92    13.94    12.87    11.59     8.73
    13.53    14.19    14.22    13.17    11.67     8.24
    13.43    14.30    14.28    13.38    11.75     8.95
    13.33    14.22    14.06    13.50    11.79     8.94
    13.50    14.27    14.23    13.28    11.90     8.65
