     7.72    10.04    11.73    13.55    14.35    14.64
     7.14     9.60    11.70    13.49    14.17    14.57
     7.66    10.17    12.05    13.95    14.32    14.74
     7.60    10.09    11.84    13.33    14.28    14.84
     7.17     9.37    11.82    13.60    14.16    14.37
     7.23     9.69    11.42    13.82    14.47    14.98
     6.86     9.71    11.28    13.71    14.77    14.92
     7.66    10.06    11.84    13.68    14.41    14.97
     6.81     9.78    11.76    13.57    14.47    15.01
     7.26     9.75    11.56    13.31    14.38    14.70
