    13.68    14.78    15.35    15.27    14.20    12.28
    13.28    14.43    15.04    14.91    13.94    11.47
    13.04    14.05    14.68    14.66    13.65    11.92
    13.56    14.77    15.35    14.83    13.83    12.33
    13.23    14.40    14.85    14.50    13.82    12.11
    12.94    14.27    15.09    14.72    13.76    12.19
    13.37    14.46    15.13    15.22    14.24    11.72
    13.47    14.42    15.05    15.02    14.27    12.10
    13.28    14.36    15.02    14.61    13.78    12.19
    13.27    14.25    14.98    14.97    14.16    12.15
