    12.08     9.85     6.91     6.33     7.39    10.38
    11.56     9.44     7.88     7.39     8.24     9.87
    11.65     8.56     6.56     5.54     6.47     9.71
    11.57     9.35     7.69     6.90     8.03    10.02
    11.79     9.55     6.22     5.31     6.63    10.18
    11.43     9.29     7.26     6.47     8.31    10.14
    11.38     9.27     7.39     6.35     7.69     9.69
    11.18     9.35     6.72     5.81     8.16    10.14
    11.86     9.71     7.52     6.43     8.11    10.09
    11.63     8.86     6.60     5.56     6.57     9.02
