    14.61    14.66    13.95    12.15     9.51     7.48
    14.56    14.25    13.56    11.98     9.32     7.23
    14.66    14.76    13.87    11.34     9.17     6.72
    14.64    14.49    13.86    12.00     9.11     7.09
    14.64    14.54    14.01    12.10     9.76     6.84
    14.37    14.48    13.71    11.55     9.34     6.79
    14.79    14.69    14.28    12.50     9.55     6.73
    14.35    14.48    13.87    11.45     9.18     6.02
    14.71    14.90    13.78    11.20     8.97     5.76
    14.18    14.36    13.56    11.30     9.60     7.13
