     5.87     4.90     6.91     9.63    11.53    13.53
     7.12     6.36     7.46     9.51    11.24    13.41
     5.33     4.36     6.80     9.66    11.41    13.43
     6.29     5.59     7.91     9.74    11.72    13.66
     6.66     5.42     6.78     9.36    11.19    13.31
     5.54     4.94     6.72     9.67    11.10    13.29
     7.19     6.18     8.08     9.71    11.94    13.95
     5.38     4.90     6.81     9.20    11.74    13.70
     6.45     5.37     7.11     9.31    11.27    13.06
     6.02     5.02     6.90     9.62    11.74    13.36
