     8.44     6.01     5.12     6.48     9.47    11.26
     8.85     6.66     5.58     7.69    10.14    11.95
     8.98     5.95     5.34     7.21     9.97    11.93
     9.04     6.73     5.76     7.46     9.14    11.66
     9.15     6.12     5.29     7.68    10.00    11.80
     8.91     6.42     5.39     7.05     9.47    11.00
     8.37     6.37     5.87     7.08     9.62    11.53
     8.55     6.06     5.25     7.63     9.71    11.28
     8.98     6.32     5.59     7.33     9.99    11.65
     8.54     5.43     5.10     6.50     9.64    11.89
