    12.95    13.88    14.57    14.59    14.00    11.55
    12.95    14.12    14.72    14.66    13.85    11.60
    13.12    14.13    14.48    14.39    13.62    12.09
    12.88    13.83    14.20    13.91    13.30    11.58
    12.81    14.08    14.52    14.56    13.49    11.61
    12.62    13.50    14.05    14.19    13.05    11.14
    12.49    13.69    14.22    13.85    13.22    11.33
    12.97    13.93    14.65    14.31    13.45    11.73
    13.31    14.26    14.66    14.51    13.69    11.76
    13.25    14.06    14.65    14.65    13.47    11.11
