    12.76    13.53    13.88    13.89    13.02    11.49
    12.80    13.89    14.34    14.27    13.57    11.64
    13.02    14.00    14.59    14.64    13.60    11.90
    12.95    14.16    14.69    14.61    13.73    11.58
    13.12    14.29    14.84    14.52    13.42    11.69
    12.82    14.12    14.73    14.22    13.18    11.76
    12.98    14.24    14.64    14.23    13.49    11.86
    12.94    13.98    14.30    14.23    13.17    11.56
    12.87    13.83    14.56    14.35    13.30    11.76
    12.64    13.83    14.49    14.41    13.54    11.54
