    13.93    12.97    11.33     9.18     5.88     4.72
    13.84    13.26    11.41     9.09     6.13     5.16
    13.47    12.80    11.32     9.03     5.92     5.04
    13.68    13.16    11.71     7.81     5.01     4.42
    13.63    12.60    11.42     8.27     5.23     4.56
    13.48    13.14    11.34     8.73     5.68     4.88
    13.54    12.84    11.11     8.77     6.35     5.66
    13.82    13.29    11.17     9.03     6.26     5.66
    13.53    12.75    11.13     8.74     5.96     4.88
    13.95    13.12    10.87     7.83     4.70     4.09
