     9.39     6.89     5.98     7.74    10.18    11.90
     9.27     6.72     5.94     7.51     9.91    12.08
     8.68     6.46     5.67     7.44     9.72    11.55
     9.51     7.27     6.58     8.61    10.25    12.15
     8.43     6.32     5.78     7.68    10.01    11.53
     9.18     6.06     5.10     7.03     9.62    11.75
     9.19     7.50     6.98     8.32    10.19    12.01
     9.50     6.49     5.61     7.71     9.79    11.42
     9.16     6.30     5.27     7.86    10.22    12.10
     9.71     7.51     6.53     8.50    10.19    12.24
