     8.91     5.84     5.39     6.97    10.09    11.82
     8.90     7.54     7.16     8.29    10.27    11.83
     8.13     5.76     5.08     6.24     9.57    11.57
     9.63     7.13     6.59     8.57    10.27    12.42
     9.45     6.46     5.39     7.51     9.77    11.84
     8.86     6.71     6.01     7.19     9.67    12.06
     9.08     6.22     5.72     7.79     9.88    12.01
     9.03     6.55     5.74     7.63     9.95    11.85
     9.75     6.78     6.11     8.31    10.32    12.44
     9.04     6.50     5.55     7.26    10.17    11.66
