     5.45     4.76     6.08     9.12    11.55    13.45
     5.84     5.12     6.93     9.66    11.63    13.63
     4.83     3.82     5.59     9.10    11.09    13.00
     6.11     5.26     7.39     9.45    11.36    13.50
     5.75     4.94     6.85     9.15    11.25    13.31
     4.83     4.43     5.63     9.48    11.29    13.25
     5.57     4.70     6.16     9.02    10.99    13.12
     5.86     4.91     6.27     9.01    11.36    13.42
     5.91     4.75     6.60     9.50    11.23    13.19
     5.47     4.45     6.18     9.20    11.18    13.20
