     5.25     8.28    10.66    12.55    14.17    14.87
     6.93     8.30    10.12    12.17    13.70    14.49
     5.30     6.92    10.08    12.11    13.61    14.68
     6.04     8.03    10.36    12.23    13.58    14.25
     5.87     7.71    10.19    12.00    13.68    14.31
     6.01     8.21    10.26    12.44    13.78    14.48
     6.37     8.00     9.86    11.83    13.56    14.51
     5.87     7.20     9.34    11.35    13.15    14.24
     5.54     6.89     9.92    12.12    13.98    14.56
     5.06     6.61     9.57    11.51    13.70    14.71
