     5.82     5.19     6.71    10.12    12.38    13.85
     7.42     7.05     8.12     9.93    12.04    13.66
     5.80     5.18     6.70     9.73    11.68    14.11
     6.79     5.99     7.82     9.98    11.90    13.55
     6.25     5.51     7.24    10.10    11.48    13.56
     6.51     5.57     7.09     9.84    11.76    13.73
     6.14     5.58     7.13     9.63    11.64    13.47
     6.20     5.44     7.39     9.80    12.33    13.72
     6.92     6.15     8.13    10.13    12.44    14.16
     6.21     5.56     7.31     9.91    11.89    13.84
