     4.88     8.87    11.44    13.66    14.49    14.90
     5.46     8.23    10.92    13.24    14.35    14.78
     5.07     8.97    11.14    13.17    14.12    14.56
     5.51     8.94    11.39    13.41    14.33    14.75
     4.90     8.04    11.04    13.06    14.01    14.51
     5.26     9.06    11.24    13.32    14.12    14.75
     5.07     8.44    10.75    12.72    13.95    14.54
     5.33     8.79    11.15    13.30    14.47    14.71
     5.27     8.53    11.11    13.08    14.02    14.77
     4.76     8.90    11.30    13.20    14.34    14.93
