     5.42     6.85     9.48    11.13    13.41    14.42
     5.87     7.72     9.86    12.02    14.09    14.79
     5.43     7.17     9.77    11.61    13.55    14.48
     6.29     7.69     9.02    11.10    13.28    14.41
     5.24     6.55     9.21    11.45    13.14    14.10
     6.32     7.54     9.66    11.83    13.86    14.59
     5.58     6.87     9.64    11.58    13.38    14.58
     6.39     7.68     9.74    11.85    13.50    14.51
     5.72     7.36     9.74    11.66    13.45    14.53
     4.77     6.05     8.40    11.42    13.57    14.48
