     5.55     7.51     9.91    11.84    13.60    14.47
     4.94     7.68     9.69    11.62    13.82    14.51
     5.01     7.44     9.75    11.48    13.43    14.27
     5.10     7.03     9.85    11.23    13.18    14.06
     4.85     6.82     9.74    11.93    13.84    14.66
     4.83     7.12     9.89    12.08    14.07    14.91
     4.77     7.58     9.98    12.26    13.59    14.67
     5.38     7.92    10.18    11.66    13.45    14.46
     4.96     6.91     9.37    11.25    13.11    14.25
     5.17     7.31     9.74    11.80    13.17    14.30
