    11.54    13.14    13.97    14.33    14.25    13.20
    11.33    13.12    14.03    14.43    14.11    13.37
    11.26    13.35    14.06    14.73    14.50    13.85
    11.48    13.23    14.17    14.48    14.42    13.82
    11.33    13.38    14.49    14.59    14.55    13.67
    11.50    13.08    13.93    14.55    14.25    13.61
    12.00    13.36    14.52    14.99    15.00    14.32
    11.22    12.93    13.89    14.47    14.40    13.48
    11.48    13.20    14.10    14.44    14.40    13.45
    11.39    13.19    14.03    14.46    14.57    13.73
