    13.48    12.91    11.61     8.66     5.38     4.31
    13.43    12.85    11.44     8.65     5.63     4.80
    13.76    13.24    11.88     9.63     6.65     5.67
    13.57    12.55    11.16     9.48     6.48     5.27
    13.30    12.60    11.27     8.90     5.42     4.83
    13.34    12.51    11.29     8.04     4.99     4.20
    13.69    12.94    11.76     9.26     6.02     4.84
    13.65    13.05    11.67     9.43     6.21     5.29
    13.94    13.27    10.97     8.89     6.26     4.97
    13.39    12.64    11.16     7.96     5.20     4.03
