     8.84     6.32     5.35     6.93     9.72    11.83
     9.31     6.82     5.95     7.84    10.28    12.08
     8.15     5.61     5.09     6.89     9.48    11.51
     8.84     6.74     5.55     7.18    10.12    11.94
     9.18     6.17     4.86     7.18    10.12    11.69
     8.68     5.76     5.14     6.78    10.03    12.19
     9.32     6.10     4.80     6.87     9.59    11.85
     8.78     6.59     5.65     7.49    10.17    11.74
     8.80     6.19     5.24     7.27     9.66    11.35
     8.83     6.52     5.87     7.29    10.14    12.03
