     3.94     8.71    11.01    12.67    13.67    14.15
     5.93     9.26    11.24    13.24    13.83    14.57
     5.41     8.27    11.11    12.87    14.03    14.58
     5.50     8.78    11.03    12.92    13.81    14.41
     5.81     9.12    11.28    12.94    13.99    14.58
     5.85     8.88    11.30    12.88    14.04    14.58
     4.25     7.56    10.83    12.98    14.02    14.26
     5.15     8.71    11.27    12.97    13.97    14.57
     4.55     8.70    11.12    13.32    14.08    14.56
     5.36     9.14    11.40    13.07    13.93    14.46
