     8.35    11.34    13.04    14.32    14.62    14.33
     8.05    11.06    12.97    13.75    13.90    13.95
     8.61    11.28    13.20    14.18    14.71    14.24
     8.56    11.04    12.88    13.98    14.51    14.51
     8.34    11.23    13.09    14.20    14.63    14.16
     8.35    11.56    13.15    13.72    14.54    14.35
     8.38    10.42    12.92    14.00    14.48    14.38
     8.68    11.54    13.36    14.09    14.69    14.69
     7.97    10.95    12.85    13.99    14.38    14.00
     8.53    10.57    12.59    13.67    14.27    14.42
