    10.94     8.88     5.70     4.77     6.92     9.82
    11.38     9.34     6.13     5.10     6.82     9.66
    11.08     8.89     5.21     4.51     6.70     9.01
    11.23     8.99     6.07     5.47     7.73    10.23
    11.64     9.72     6.48     5.04     7.42    10.06
    11.63     9.01     5.51     4.76     7.04    10.23
    11.36     7.89     5.46     4.36     6.40     9.61
    11.41     8.95     5.96     5.13     7.59    10.05
    10.81     8.67     6.12     5.02     6.72     9.57
    11.15     8.66     5.55     4.30     6.90    10.01
