    13.58    13.08    11.32     9.17     5.97     4.97
    13.46    12.96    11.28     9.11     6.29     5.44
    13.24    12.57    11.42     8.74     6.03     4.96
    13.76    13.25    11.57     9.09     6.60     5.51
    13.57    13.04    11.64     8.36     5.52     4.49
    13.56    13.08    11.48     9.11     6.51     6.09
    13.49    13.10    11.35     9.19     6.81     6.11
    13.55    13.09    11.39     8.57     6.10     5.39
    13.42    13.00    11.27     8.43     5.94     5.41
    13.46    12.82    11.45     8.69     6.11     5.19
