    14.53    15.19    15.05    14.28    12.52     9.65
    14.36    14.94    14.87    14.20    12.45     9.16
    14.53    14.97    14.92    14.16    12.18     9.12
    14.03    14.71    14.79    14.03    11.79     9.37
    14.31    15.01    14.88    14.00    12.67    10.10
    14.14    14.90    14.88    13.79    11.61     9.20
    14.27    14.81    14.56    13.48    11.34     9.27
    13.87    14.62    14.49    13.91    12.36     9.83
    14.44    15.33    15.30    14.39    12.49     8.96
    14.22    14.90    14.94    13.78    11.77     9.51
