     7.29    10.01    12.41    14.11    14.93    15.25
     7.79    10.16    12.07    14.05    14.81    15.05
     7.71    10.27    12.21    13.92    14.59    14.95
     8.54    10.31    12.12    13.89    14.84    15.09
     6.68     9.99    12.12    13.67    14.48    15.12
     6.94    10.33    12.72    13.96    14.90    15.31
     7.49    10.23    12.28    13.65    14.45    14.95
     7.44    10.05    11.80    13.40    14.22    14.55
     7.22    10.08    12.17    13.60    14.50    14.94
     6.65    10.10    11.77    13.56    14.44    14.85
