     5.49     4.67     7.00     9.81    11.83    13.40
     6.14     5.16     6.63     9.36    11.37    13.10
     5.18     4.51     5.79     9.48    11.11    13.30
     5.50     4.73     5.44     9.53    11.49    13.24
     5.14     4.20     5.87     9.25    11.79    13.13
     6.16     5.17     6.90     9.66    11.06    12.64
     5.30     4.61     6.11     9.39    10.88    12.66
     5.87     5.27     6.65     8.89    10.91    13.34
     4.77     4.41     5.90     9.18    11.09    13.19
     5.85     5.06     6.76     9.61    11.44    13.38
