    12.77    11.36     8.22     5.27     4.41     6.84
    12.90    11.10     8.25     5.51     5.05     6.58
    12.74    11.09     7.99     5.01     4.25     6.53
    12.81    11.37     8.68     6.26     5.31     7.64
    12.15    11.08     8.29     5.70     5.27     7.43
    12.18    10.94     8.06     5.15     4.30     6.44
    12.69    11.35     8.14     5.07     4.21     6.36
    12.45    11.28     8.53     5.53     4.89     7.15
    12.74    11.33     8.70     6.42     5.37     7.25
    12.35    10.70     8.85     5.90     5.20     6.68
