     5.27     7.31     9.98    11.45    13.39    14.47
     6.74     7.82     9.73    11.73    13.18    13.98
     5.43     6.77     9.31    11.44    13.44    14.08
     6.14     7.62     9.94    11.37    13.71    14.40
     5.23     7.50    10.10    12.00    13.80    14.72
     5.54     7.38     9.91    12.06    13.69    14.66
     5.50     7.69     9.95    11.71    13.52    14.29
     5.33     7.60    10.12    12.25    14.03    14.73
     6.07     7.62    10.40    12.09    13.98    14.84
     5.27     7.30     9.74    11.87    13.72    14.82
