    11.65     9.82     7.20     6.07     7.75    10.28
    11.30     9.46     7.22     6.78     7.77     9.79
    11.31     8.42     5.70     4.89     6.30     9.75
    11.58     9.31     6.56     5.57     7.71    10.25
    11.66     9.01     7.00     6.26     7.66    10.31
    11.42     8.73     6.84     6.13     7.45    10.16
    11.65     9.62     7.41     6.57     8.01    10.16
    11.50     8.97     6.12     5.17     7.00     9.68
    11.40     8.99     6.87     6.32     7.39     9.57
    11.63     8.99     5.92     5.16     7.48     9.72
