    10.90     9.22     7.33     6.49     8.40    10.00
    10.73     8.87     5.39     4.78     7.22    10.15
    11.33     8.99     6.38     5.14     7.19     9.73
    10.25     8.58     6.91     6.22     8.02     9.68
    10.85     8.16     5.74     4.82     6.03     9.34
    10.71     7.55     5.17     4.67     5.68     9.50
    10.57     7.40     4.68     4.21     5.44     8.77
    11.17     7.99     5.71     5.18     6.45     9.44
    11.51     8.50     5.09     4.08     6.84     9.84
    11.22     9.20     6.34     4.99     7.20     9.84
