    13.89    14.72    14.47    13.41    12.18     9.63
    14.15    14.74    14.59    13.62    11.65     9.54
    13.75    14.60    14.26    13.45    11.35     8.81
    13.77    14.40    14.24    13.40    11.62     9.75
    14.14    14.50    14.29    13.11    11.52     9.41
    13.92    14.61    14.55    13.55    11.85     9.64
    14.12    14.87    14.71    13.66    12.19     9.65
    13.88    14.78    14.38    13.55    11.95     9.58
    14.17    14.64    14.38    13.70    11.92     8.89
    13.90    14.60    14.67    13.92    11.83     9.70
