     8.69    11.49    13.13    13.81    14.51    14.68
     9.49    11.91    13.48    14.46    15.05    14.99
     8.24    11.20    13.03    14.09    14.34    14.16
     8.69    11.37    13.25    14.13    14.70    14.67
     8.47    11.46    13.48    14.20    14.72    14.71
     8.73    11.11    12.96    14.13    14.73    14.42
     8.02    10.80    13.02    13.87    14.54    14.45
     8.77    11.40    13.00    13.89    14.24    14.21
     8.55    11.29    13.42    14.48    14.97    14.80
     8.82    11.35    12.98    14.12    14.66    14.60
