    14.35    14.33    13.60    12.16     9.67     7.07
    14.64    14.50    13.84    12.15     8.86     6.12
    14.09    14.16    13.62    12.19     9.34     7.00
    14.28    14.34    13.70    12.19     9.86     7.37
    14.23    14.08    13.45    12.45     9.03     6.34
    14.29    14.21    13.68    12.03     9.61     6.54
    14.57    14.66    14.05    11.89     9.51     6.72
    14.30    14.35    13.86    12.32    10.03     6.55
    14.40    14.56    13.94    12.06     9.58     6.94
    14.83    14.82    14.12    12.32     9.51     6.98
