     7.95     5.07     4.25     6.44     9.61    11.21
     8.74     6.29     5.53     7.54     9.79    11.75
     8.35     5.88     5.14     6.74     9.55    11.11
     9.62     6.89     6.13     8.17    10.35    12.17
     9.20     5.51     4.75     7.35     9.76    11.51
     8.37     5.19     4.43     5.82     9.11    11.08
     9.32     6.40     5.52     7.77    10.00    11.78
     8.57     5.26     4.64     6.64     9.82    11.84
     8.91     6.16     5.32     6.58     9.85    11.46
     8.70     6.39     5.80     7.52     9.73    11.85
