    13.55    13.78    13.18    11.54     9.22     5.81
    13.58    13.73    13.05    11.64     9.24     6.76
    13.44    13.82    12.89    11.53     9.40     6.42
    13.38    13.32    12.73    11.49     9.36     6.82
    13.91    14.13    13.49    11.66     9.29     5.89
    13.41    13.43    12.89    11.47     9.69     6.94
    13.51    13.59    12.83    11.41     8.63     5.72
    13.68    13.81    12.92    11.72     8.73     6.26
    13.57    13.84    13.08    11.62     8.85     6.06
    13.56    13.68    12.86    11.32     8.53     6.47
