    13.13    14.35    14.99    15.02    13.64    11.96
    13.21    14.51    14.87    14.73    13.84    12.12
    13.00    13.84    14.62    14.61    13.64    11.80
    12.98    14.10    14.74    14.67    13.88    11.87
    13.04    13.99    14.54    14.55    13.78    12.13
    12.99    13.83    14.50    14.28    13.22    11.69
    13.08    13.98    14.44    14.19    13.04    11.69
    12.84    14.08    14.73    14.51    13.63    11.99
    13.04    14.02    14.61    14.51    13.53    11.81
   -99.99   -99.99   -99.99   -99.99   -99.99   -99.99
