     6.63     9.38    11.30    13.29    14.08    14.45
     7.40     9.44    11.68    13.44    14.16    14.43
     6.91     9.46    11.21    13.34    14.55    15.11
     6.71     9.47    11.20    12.89    14.03    14.47
     7.53     9.56    11.79    13.70    14.58    14.97
     6.58     9.35    11.74    13.38    14.35    14.63
     8.11     9.79    11.73    13.74    14.70    15.06
     6.46     8.88    11.68    13.36    14.35    14.64
     6.18     9.52    11.54    13.46    14.45    14.91
     7.83     9.58    11.64    13.46    14.37    14.83
