    13.38    11.88     9.66     7.71     6.81     8.16
    13.21    11.84     9.63     6.69     5.86     7.83
    12.80    11.30     8.98     5.99     5.55     7.32
    13.03    11.80     9.76     7.05     6.18     8.18
    13.18    11.57     8.66     6.30     5.97     7.47
    13.28    12.05     9.67     6.86     5.94     8.52
    13.07    11.73     9.22     7.03     5.94     7.05
    13.17    11.87     9.58     6.66     5.72     7.61
    13.17    12.01     9.24     6.94     5.91     7.93
    13.28    11.96     9.81     6.92     5.95     8.33
