    12.84    14.33    15.06    15.53    15.34    13.99
    12.21    13.91    14.70    15.21    14.74    13.69
    12.53    14.12    14.78    15.47    15.10    14.15
    11.85    13.91    14.90    15.27    14.98    14.19
    12.73    14.17    14.83    15.21    15.12    14.37
    12.23    13.77    14.69    15.13    14.98    13.81
    12.28    13.84    14.88    15.32    15.16    14.39
    12.41    13.95    14.77    15.20    14.90    13.74
    12.54    13.97    15.19    15.51    15.23    14.41
    12.44    13.92    14.99    15.35    15.02    14.34
