    11.37     7.91     5.00     3.95     5.98     9.45
    11.49     8.38     6.46     5.81     7.40    10.14
    11.40     9.33     6.84     5.94     7.96    10.11
    11.34     8.54     6.33     5.75     7.48    10.01
    11.09     8.83     6.00     5.40     7.23     9.41
    10.53     8.32     6.29     5.69     7.36     9.75
    10.90     8.47     4.63     3.71     5.88     9.82
    11.24     8.63     5.64     5.24     7.25     9.85
    10.92     8.37     5.42     4.67     7.10     9.57
    11.31     8.77     5.45     4.78     7.08     9.96
