     4.72     5.57     8.15    10.69    12.87    13.77
     3.69     4.88     8.01    10.28    12.81    13.89
     4.26     5.21     8.15    10.52    12.64    13.33
     4.85     5.97     8.69    10.88    12.70    13.81
     4.27     5.35     8.23    10.72    13.00    13.70
     4.15     5.32     7.90    10.24    12.48    13.27
     3.75     4.65     7.79    11.14    13.09    14.06
     4.60     5.49     8.27    10.47    12.98    13.86
     3.43     4.67     7.86    10.37    12.73    13.73
     3.83     5.16     8.03    10.85    12.71    13.60
