     9.85    11.83    13.47    14.70    15.14    14.89
     9.63    11.56    13.52    14.45    15.00    14.63
     9.83    12.25    13.71    14.57    15.15    14.82
     9.54    11.75    13.49    14.41    14.75    14.55
     9.57    12.15    13.83    14.51    14.87    14.56
     9.86    12.21    13.94    14.48    14.87    14.78
     9.43    11.72    13.69    14.64    14.96    14.89
     9.69    11.87    13.38    14.19    14.75    14.66
     9.48    11.99    13.48    14.50    14.99    14.76
     9.78    11.97    13.54    14.29    14.76    14.36
