    14.30    13.72    12.29    10.28     7.80     6.97
    14.21    13.45    12.12     9.34     7.00     6.57
    14.27    13.38    12.27     9.70     6.26     5.36
    14.25    13.52    11.89     9.47     7.73     7.00
    14.08    13.43    11.96     9.80     7.52     6.55
    14.12    13.25    11.68     8.62     6.87     6.41
    13.99    13.27    11.53     8.64     6.79     6.25
    14.20    13.39    11.63     9.31     6.28     5.67
    14.01    13.33    12.17     9.72     7.08     6.49
    14.16    13.52    12.06     9.63     6.90     5.97
