     3.68     6.39     9.01    11.29    13.35    14.21
     4.80     6.78     9.59    11.41    13.36    14.14
     4.52     6.45     9.18    11.50    12.93    13.96
     5.45     7.24     9.70    11.79    13.26    13.82
     4.18     7.19     9.68    11.50    13.03    13.95
     4.06     5.71     8.97    11.14    13.42    14.23
     4.77     6.46     9.44    11.16    13.20    14.26
     4.28     6.49     9.82    11.66    13.60    14.36
     4.64     6.71     9.24    11.46    13.31    14.41
     4.91     6.75     9.71    11.32    13.29    14.17
