     3.13     4.63     8.26    11.07    13.21    14.17
     4.44     6.18     8.92    10.94    12.99    13.82
     4.32     5.93     8.75    11.49    12.95    13.79
     4.58     6.35     9.12    11.15    13.04    14.06
     4.60     6.24     9.09    11.11    13.07    13.89
     4.97     5.93     8.80    11.10    12.84    13.79
     3.44     4.83     8.76    11.24    13.13    13.99
     4.65     5.99     8.77    10.74    12.96    14.02
     3.66     4.99     8.96    10.81    12.92    13.80
     3.71     5.52     8.83    10.74    12.94    13.99
