    13.54    14.60    15.08    15.06    14.01    12.37
    13.45    14.62    14.96    14.80    13.78    12.14
    13.53    14.55    14.90    14.69    13.55    12.30
    13.47    14.71    15.27    14.86    14.02    12.41
    13.88    14.89    15.40    15.14    13.94    11.94
    13.39    14.83    15.30    14.96    13.57    12.07
    13.76    14.93    15.30    15.09    13.77    12.30
    13.54    14.64    15.15    15.17    14.49    12.71
    13.41    14.55    15.18    14.76    13.54    12.12
    13.44    14.47    15.20    14.98    13.94    12.38
