     5.89     5.22     6.92     9.55    11.58    13.66
     6.38     5.25     7.24     9.90    11.82    13.48
     5.77     5.15     7.00     9.50    11.24    13.22
     6.40     5.53     7.60     9.85    11.37    13.34
     6.09     5.53     7.45    10.09    11.69    13.83
     6.33     5.50     7.17     9.82    11.71    13.18
     6.21     5.51     6.79     8.73    11.05    13.28
     5.85     5.26     7.31     9.59    11.20    13.03
     5.92     5.18     6.72     9.37    11.42    13.28
     5.43     4.95     6.75     9.72    11.54    13.32
