     4.83     6.85     9.88    12.00    13.91    14.57
     4.86     7.42     9.52    11.79    13.43    14.14
     4.59     6.07     9.95    12.03    13.16    14.21
     5.12     7.17     9.87    12.09    13.51    14.31
     5.17     6.21     9.77    11.56    13.43    14.34
     4.81     6.78     9.54    11.29    13.49    14.47
     5.56     6.96     9.41    11.35    12.89    13.80
     4.29     5.40     9.05    11.37    13.24    14.37
     4.39     6.47     9.16    11.36    13.40    14.52
     5.40     6.73     9.55    11.25    13.00    14.10
