    11.54    13.20    14.03    14.51    14.61    13.81
    11.99    13.19    14.30    15.06    14.98    13.97
    11.27    13.30    14.25    14.60    14.19    13.25
    11.75    13.25    14.22    14.78    14.41    13.66
    11.65    13.22    14.02    14.40    14.44    13.67
    11.11    13.13    13.99    14.60    14.52    13.53
    11.70    13.40    14.22    14.62    14.61    13.62
    12.20    13.58    14.49    14.99    15.00   -99.99
    11.66    13.66    14.77    15.03    14.89    14.11
    11.78    13.32    14.41    14.71    14.54    13.74
