     9.70    12.27    13.97    14.50    14.78    14.58
     9.80    11.57    13.35    14.21    14.55    14.18
    10.40    12.36    13.87    14.56    14.99    14.90
    10.10    12.44    13.74    14.48    14.93    14.50
     9.86    12.22    13.88    14.28    15.01    14.97
    10.42    12.08    13.96    14.64    15.04    14.52
    10.29    12.06    13.99    14.76    15.04    14.98
    10.07    12.11    13.76    14.88    15.28    15.14
     9.89    12.63    13.78    14.73    15.24    14.83
     9.78    12.40    13.90    14.84    15.43    15.36
