    14.40    13.69    11.78     9.41     6.34     5.52
    14.17    13.82    12.03     9.30     7.14     6.41
    14.32    13.47    11.85     8.79     6.44     5.59
    14.33    13.60    12.25     9.90     6.81     5.99
    14.38    13.73    11.79     9.26     6.58     5.94
    14.30    13.72    11.97     9.39     6.71     5.73
    14.59    13.94    11.92     9.05     6.65     5.66
    14.05    13.34    11.72     8.51     6.37     5.83
    14.41    13.54    11.95     9.30     6.22     5.28
    14.10    13.09    10.73     9.19     7.68     6.91
