     6.01     9.56    11.92    13.29    13.93    14.34
     5.49     8.89    10.95    13.16    14.03    14.63
     5.57     9.30    11.12    13.24    14.31    14.62
     5.34     9.33    11.67    13.24    14.29    14.74
     6.03     9.13    11.53    13.36    14.00    14.53
     5.56     9.10    11.45    13.33    14.30    14.63
     6.16     9.48    11.77    13.23    13.92    14.36
     5.78     9.02    11.49    13.34    14.03    14.60
     5.90     9.12    11.73    13.39    14.22    14.77
     6.47     9.02    11.31    13.23    13.93    14.42
