     4.95     4.11     5.79     9.36    11.61    13.26
     5.60     4.70     6.51     9.10    11.34    12.82
     5.91     4.68     6.51     8.69    11.46    13.16
     6.17     5.02     6.90     9.53    11.15    13.13
     5.93     5.10     7.11     9.61    11.59    13.34
     5.16     4.18     6.48     9.30    11.14    12.92
     5.57     4.77     6.64     9.64    11.33    12.96
     5.52     4.59     5.95     8.76    11.48    13.05
     5.13     4.12     6.18     9.43    11.38    13.04
     5.00     4.15     6.24     9.25    11.37    13.18
