    13.35    14.03    13.92    13.44    11.97     9.46
    13.40    14.24    14.19    13.33    11.80     9.12
    13.43    13.96    13.89    13.12    11.15     9.24
    13.41    14.05    14.16    13.41    11.17     9.30
    13.76    14.39    14.25    13.48    11.72     8.97
    13.36    13.95    14.07    13.32    11.28     7.82
    13.54    14.21    14.29    13.52    11.69     9.57
    13.39    14.19    14.30    13.38    11.98     9.10
    13.56    14.11    14.34    13.47    12.05     8.95
    13.05    13.73    13.87    13.26    11.75     8.34
