    13.00    13.97    14.66    14.68    13.65    11.87
    13.35    14.15    14.61    14.47    13.78    11.87
    12.66    14.04    14.73    14.56    13.66    11.58
    13.01    13.92    14.56    14.49    13.66    11.98
    13.21    14.28    14.73    14.69    13.95    12.10
    12.92    14.06    14.78    14.61    13.89    12.00
    12.85    14.07    14.57    14.51    13.92    12.10
    13.28    14.25    14.97    14.90    13.60    11.69
    12.79    13.65    14.30    14.30    13.56    12.24
    12.79    13.93    14.36    14.01    13.32    11.86
