    12.60    14.06    15.05    15.49    15.23    14.41
    12.31    13.89    14.74    15.11    14.84    14.21
    12.70    13.80    14.90    15.37    15.12    14.27
    12.27    13.97    14.92    15.33    15.13    14.17
    12.67    13.84    15.00    15.38    15.26    14.17
    12.23    13.87    14.92    15.27    14.88    13.88
    12.46    14.07    14.77    15.16    15.00    14.40
    12.43    13.89    14.79    15.16    14.87    14.12
    12.21    13.71    14.54    15.02    14.99    14.15
    12.63    13.95    14.60    15.07    14.87    14.13
