    12.71    11.55     9.19     6.48     5.32     8.05
    12.77    11.31     9.11     5.69     4.94     7.37
    12.96    11.22     8.11     4.88     3.87     5.82
    12.81    11.48     8.49     6.01     5.26     6.56
    12.94    11.79     8.68     5.92     5.01     7.21
    12.99    11.01     8.60     6.06     5.00     7.00
    12.65    11.24     8.36     5.81     4.75     7.21
    12.93    11.55     8.08     5.33     4.54     6.51
    12.97    10.92     9.23     6.68     5.51     7.89
    12.86    11.11     8.90     5.89     5.28     7.85
