    13.87    13.22    11.95     9.51     6.72     6.04
    14.05    13.54    11.96     8.67     6.39     5.87
    14.09    13.49    11.83     9.40     7.09     6.56
    13.97    13.44    12.17     9.33     6.68     6.15
    14.12    13.41    11.78     8.49     6.24     5.39
    13.79    13.14    11.94     9.83     7.65     7.02
    13.98    13.17    11.65     9.65     7.45     6.46
    14.35    13.82    12.28     9.13     6.78     5.84
    13.96    13.37    11.86     9.35     6.41     5.68
    13.63    12.76    11.64     8.73     6.01     5.25
