    13.90    13.95    13.27    11.46     8.93     5.37
    13.63    13.75    12.84    11.27     8.58     5.50
    13.91    14.14    13.27    11.60     9.19     6.08
    13.51    13.53    12.82    11.33     9.23     6.48
    13.72    13.75    12.87    10.95     7.84     5.31
    13.78    13.82    13.16    11.29     8.72     6.45
    13.76    13.73    13.05    11.52     8.90     6.79
    13.83    13.84    13.09    11.34     9.00     6.04
    13.77    13.83    13.07    11.57     9.12     6.10
    13.81    13.83    13.25    11.61     9.10     6.37
