    14.65    14.79    13.62    11.63     9.57     7.18
    14.52    14.59    13.56    11.86     9.31     6.87
    14.26    14.29    13.61    11.32     9.66     7.02
    14.23    14.16    13.62    11.99     9.18     6.71
    14.55    14.56    13.82    11.63     8.88     6.68
    14.49    14.51    13.71    11.67     8.90     6.65
    14.48    14.26    13.51    11.65     9.47     6.91
    14.12    14.31    13.53    11.67     9.00     7.25
    14.38    14.49    14.04    11.95     9.31     6.73
    14.14    14.09    13.33    11.48     9.11     6.43
