    12.09    13.58    14.45    14.96    14.78    13.86
    11.92    13.39    14.30    15.00    14.81    13.57
    12.18    13.19    14.17    14.47    14.68    13.77
    11.98    13.36    14.01    14.48    14.33    13.49
    12.06    13.52    14.40    14.96    14.87    13.90
    11.85    13.13    14.20    14.67    14.63    13.63
    11.96    13.31    14.10    14.45    14.58    13.80
    11.66    13.31    14.18    14.82    14.46    13.71
    11.85    13.31    14.36    14.80    14.74    14.13
    11.75    13.40    14.38    14.77    14.77    13.76
