    11.09     8.32     5.99     5.44     7.05     9.58
    11.81     9.28     7.10     6.37     7.78    10.26
    11.57     8.66     6.55     6.02     7.81    10.39
    11.45     8.94     6.55     5.76     7.18    10.04
    11.07     8.96     7.18     6.64     7.61     9.92
    11.58     9.22     6.76     6.13     7.79    10.09
    11.09     9.33     6.94     5.78     7.34     9.96
    11.27     9.19     6.61     5.96     8.11    10.13
    11.17     8.38     5.50     4.79     6.68     9.74
    11.44     9.22     6.60     5.78     7.78     9.99
