    10.14    12.38    13.32    14.40    14.90    14.94
    10.30    12.40    13.80    14.66    14.87    14.80
    10.08    12.14    13.69    14.66    15.29    15.32
    10.13    12.27    13.85    14.74    14.89    14.66
    10.12    12.15    13.93    14.80    15.11    14.86
    10.17    11.89    13.78    14.64    15.03    14.82
    10.40    12.05    13.73    14.82    15.24    14.97
    10.07    12.35    13.66    14.72    15.02    14.71
    10.07    11.85    13.50    14.35    14.87    14.75
    10.02    11.59    13.44    14.64    15.25    14.83
