    11.05     9.22     5.94     5.27     7.74     9.51
    10.97     8.43     6.31     5.40     7.52     9.58
    11.01     8.09     5.93     4.88     6.74     9.42
    11.37     8.39     5.26     4.84     6.46     9.40
    11.78     8.41     5.35     4.47     6.83     9.54
    11.30     8.79     6.20     5.31     7.31     9.92
    11.15     8.22     5.69     4.85     6.52     9.50
    10.98     8.35     6.18     5.53     6.81     9.83
    10.81     7.73     5.12     4.41     6.19     8.58
    11.30     8.61     5.73     4.60     6.44     9.24
