    13.43    12.36    10.62     8.59     6.48     5.33
    13.91    13.27    11.75     9.19     6.72     5.67
    13.39    12.84    11.51     7.98     4.79     3.80
    13.41    12.68    11.54     8.95     6.04     5.04
    13.53    12.92    11.04     8.89     6.45     5.70
    13.74    13.24    11.42     8.39     5.48     5.02
    13.76    13.06    11.19     9.06     6.22     5.61
    13.37    12.86    11.65     9.19     6.77     6.02
    13.64    13.05    11.26     9.27     6.74     5.80
    13.83    13.20    11.66     9.20     5.98     5.35
