     4.74     3.94     5.77     8.72    10.88    12.92
     5.70     5.00     6.61     8.90    11.40    13.37
     5.00     4.11     5.71     9.22    11.10    13.06
     6.22     5.50     6.66     9.37    11.24    13.04
     5.64     4.69     6.25     8.72    10.65    12.87
     5.48     4.86     5.90     9.45    11.21    13.45
     5.33     4.39     6.25     8.90    11.12    12.83
     5.16     4.34     6.75     9.50    11.00    13.08
     5.15     4.66     6.35     8.72    11.16    13.00
     6.15     5.66     7.19     9.47    11.40    13.32
