    12.99    11.68     9.57     6.75     5.96     7.99
    13.42    11.69     8.78     6.80     6.08     7.30
    13.23    11.81     9.58     6.81     5.61     7.44
    13.14    12.08     9.34     6.50     5.74     7.44
    13.03    11.36     9.23     7.55     7.01     7.89
    12.94    11.88     9.51     7.37     6.41     7.90
    13.18    11.57     9.05     6.50     5.58     7.23
    13.56    12.18     9.99     7.65     6.61     8.54
    13.22    11.78     9.40     6.67     5.69     7.49
    13.00    11.78     8.92     6.49     5.87     7.36
