    12.63    10.83     9.38     6.35     5.47     7.36
    12.49    10.84     8.76     5.92     5.11     7.88
    12.96    11.52     9.42     7.18     6.05     7.72
    12.24    10.25     8.79     6.45     5.44     7.10
    12.40    10.94     8.24     5.99     5.25     6.65
    12.45    10.63     8.62     6.21     5.52     6.91
    12.35    10.76     8.25     5.25     4.31     6.16
    12.62    11.33     8.47     6.05     5.05     7.20
    12.87    11.66     8.61     5.48     4.70     6.88
    12.70    11.45     9.52     6.54     5.74     7.94
