     6.48     5.68     7.51     9.18    11.63    13.84
     6.40     5.19     7.12     9.40    11.42    13.25
     5.64     5.12     6.70     9.61    11.26    13.50
     6.56     5.66     7.79    10.16    12.22    13.54
     6.02     4.95     6.93    10.12    11.76    13.62
     5.58     4.64     6.71    10.03    11.60    13.41
     5.92     4.82     6.87     9.32    11.32    13.64
     6.25     5.54     7.37     9.71    11.50    13.44
     5.90     5.14     6.64     9.70    11.97    13.45
     6.33     5.31     7.19     8.97    11.71    13.56
