     6.63     9.54    12.02    13.24    14.36    14.98
     6.65     9.46    11.42    13.48    14.42    15.03
     6.40     9.82    12.18    13.93    14.61    14.97
     6.78     9.26    11.48    13.23    14.20    14.98
     6.24     9.43    11.73    13.45    14.48    14.79
     7.19    10.03    11.38    13.70    14.62    14.93
     6.05     9.39    11.70    13.38    14.15    14.93
     7.11     9.73    11.58    13.47    14.53    15.01
     6.76     9.55    11.35    13.57    14.74    15.08
     5.79     8.56    10.89    13.09    14.08    14.55
