     9.16    11.17    13.16    14.00    14.44    14.41
     8.58    11.34    12.87    13.77    14.13    13.84
     9.15    11.04    12.94    13.93    14.12    13.56
     9.16    11.41    13.32    14.22    14.86    14.41
     8.61    11.25    12.82    14.05    14.73    14.45
     8.67    11.09    13.19    13.76    14.45    14.57
     9.13    11.43    13.27    14.09    14.27    14.22
     9.16    10.82    12.59    13.54    14.14    13.94
     8.91    11.40    12.94    13.67    14.09    14.22
     9.20    11.34    12.94    13.80    14.49    14.17
