    13.97    15.03    15.56    15.44    14.23    12.63
    13.55    14.60    15.41    15.34    14.17    11.97
    13.67    14.64    15.22    14.94    13.81    11.71
    13.54    14.57    15.06    14.93    13.78    12.18
    13.78    14.87    15.18    15.06    14.00    12.48
    13.57    14.64    14.95    14.88    13.68    12.15
    13.47    14.56    14.98    14.89    14.09    12.38
    13.83    14.92    15.42    15.06    14.28    12.69
    13.94    15.03    15.54    15.21    13.76    11.63
    13.26    14.49    14.94    14.90    13.94    11.86
