     4.69     3.95     5.40     8.11    11.16    13.21
     5.78     5.12     6.57     8.99    11.54    13.53
     6.00     4.88     6.62     9.27    11.18    13.12
     5.65     4.69     6.74     9.30    11.54    13.31
     5.90     5.06     6.65     9.07    11.28    13.18
     6.07     5.37     6.82     9.01    10.85    12.51
     4.75     3.84     5.75     8.84    11.63    13.38
     5.60     4.86     6.88     9.59    11.42    13.25
     4.89     4.10     6.07     9.02    11.19    13.38
     5.28     4.13     6.31     9.08    11.02    13.17
