    10.45    12.67    14.24    15.00    15.32    15.30
    10.43    12.54    13.85    14.96    15.29    15.14
    10.57    12.64    13.65    14.67    15.06    14.93
    10.19    12.38    13.65    14.51    14.90    14.52
    10.04    12.26    14.02    15.07    15.19    14.76
    10.19    12.44    13.90    14.84    15.29    15.07
     9.99    12.56    14.08    15.08    15.56    15.23
     9.94    12.04    13.88    14.81    15.21    15.21
    10.18    12.30    13.94    15.05    15.34    15.04
    10.27    12.58    13.81    14.67    15.23    14.99
