     9.01     5.49     4.72     7.04     9.75    11.82
     8.36     6.54     5.88     7.47     9.55    11.04
     8.06     5.64     5.11     6.87     9.53    11.27
     8.58     5.95     5.15     7.11    10.13    11.59
     8.34     5.44     4.43     6.42     8.72    11.25
     8.75     6.41     5.56     7.38     9.63    11.34
     8.19     5.77     4.74     6.24     8.92    11.14
     8.32     6.00     5.40     6.50     9.07    11.37
     7.68     4.89     4.41     5.52     8.79    11.53
     8.61     6.18     5.20     6.91     9.45    11.36
