    13.73    13.96    13.33    12.09     9.81     6.07
    13.47    13.54    13.08    11.52     8.07     4.64
    13.86    13.90    13.28    11.59     8.72     5.63
    13.84    13.82    13.00    10.92     8.05     5.15
    13.86    13.90    12.89    11.37     9.08     5.54
    13.57    13.71    12.98    11.44     8.28     5.84
    13.89    13.99    13.27    11.84     8.67     5.32
    13.90    13.81    12.89    11.53     9.06     6.45
    13.87    14.02    13.32    11.69     8.76     6.73
    13.57    13.69    12.75    11.18     8.74     5.55
