     6.96     9.54    11.10    13.53    14.10    14.50
     6.89     9.28    11.69    13.41    14.30    14.62
     6.44     9.55    11.46    13.12    13.69    14.25
     6.61     9.72    11.78    13.73    14.30    14.56
     7.06     9.99    12.00    13.43    14.36    14.95
     6.43     9.87    11.63    13.19    14.00    14.25
     7.01     9.61    11.80    13.57    14.43    14.74
     6.90     9.63    11.18    13.46    14.10    14.45
     6.46     9.37    11.11    13.15    13.94    14.39
     5.81     8.79    10.90    13.14    13.87    14.65
