    13.17    14.28    14.76    14.71    14.03    12.06
    13.10    14.17    14.69    14.47    13.93    12.18
    13.05    14.18    14.85    14.64    13.68    12.08
    13.41    14.47    14.97    14.71    14.03    11.72
    13.21    14.44    14.87    14.35    13.32    11.79
    13.30    14.43    14.81    14.74    13.81    11.82
    13.35    14.72    15.02    14.88    14.02    12.25
    13.34    14.54    15.29    14.90    13.88    12.07
    13.43    14.58    15.01    14.88    14.14    11.85
    13.36    14.41    14.62    14.55    14.13    12.05
