    12.69    11.26     8.56     5.45     4.52     6.61
    12.74    11.04     8.30     6.24     5.01     6.58
    12.30     9.98     7.01     4.51     3.96     6.00
    12.58    11.12     9.03     7.23     6.32     7.75
    12.85    11.27     8.62     5.85     4.76     6.68
    12.71    11.10     8.24     5.58     4.83     6.80
    12.61    10.88     8.60     5.84     4.76     7.09
    12.86    11.54     8.81     5.82     4.80     6.63
    12.83    11.38     8.33     6.01     5.03     6.49
    12.54    11.15     8.67     6.01     5.20     7.01
