     7.89     4.83     4.14     5.34     9.32    11.06
     8.27     5.78     4.89     6.70     9.42    11.55
     7.61     5.44     4.65     6.29     9.34    11.53
     8.40     6.41     5.49     7.29     9.85    11.61
     8.15     5.84     5.15     7.37     9.24    11.28
     8.45     5.86     5.22     6.76     9.16    11.46
     8.26     5.54     4.41     6.12     8.40    10.79
     8.46     5.41     4.35     6.87     9.48    11.45
     8.44     5.53     4.89     6.79     9.83    11.34
     8.47     6.41     5.71     7.96     9.74    11.50
