     9.68     7.13     6.10     7.87    10.35    12.24
     9.33     7.89     7.36     8.55    10.01    11.67
     8.71     6.57     5.71     6.91     9.89    11.92
     9.29     7.32     6.72     8.21    10.14    12.10
     9.41     7.02     6.09     8.05    10.16    12.13
     9.02     6.89     6.32     8.04     9.81    11.66
     9.27     7.62     7.18     8.15     9.93    11.37
     9.19     6.99     5.98     7.86     9.65    11.43
     9.42     6.83     5.90     7.60    10.20    12.00
     8.89     6.63     5.81     7.56     9.99    11.75
