    14.07    13.56    11.88     9.12     6.26     5.36
    14.38    13.78    11.96     8.95     6.41     5.19
    14.14    13.42    11.68     9.75     7.68     6.92
    13.88    13.36    12.10     9.46     7.08     6.21
    14.04    13.54    12.16     9.81     6.37     5.69
    14.01    13.65    12.24    10.06     7.06     5.77
    14.34    13.82    12.25    10.42     6.98     5.62
    14.16    13.46    12.07     9.94     6.83     5.98
    14.33    13.69    12.22     9.44     5.64     4.85
    14.41    13.82    12.16     9.79     7.10     5.72
