    13.62    12.60    10.84     8.22     5.93     5.12
    13.91    13.02    11.57     8.79     6.36     5.48
    13.97    13.35    11.77     9.07     6.41     5.68
    13.85    13.25    11.88     9.27     6.69     5.96
    13.47    13.07    11.97     9.63     6.69     5.75
    13.52    13.01    11.36     8.66     6.05     5.41
    13.69    12.98    11.42     9.23     6.84     6.11
    13.60    13.00    11.56     8.49     6.25     5.32
    13.82    13.17    11.69     9.66     6.88     6.02
    14.02    13.17    11.38     8.74     5.88     5.00
