    14.30    14.75    14.60    13.67    11.95     9.02
    14.06    14.67    14.60    13.83    12.07     9.79
    14.29    14.75    14.36    13.39    11.60     8.90
    14.23    14.87    14.77    13.82    12.21     9.18
    14.30    14.99    15.01    14.41    12.26     9.58
    13.80    14.61    14.31    13.30    11.87     9.10
    14.33    15.14    14.97    13.98    12.34     9.90
    14.17    14.92    14.79    13.88    12.25     9.19
    13.95    14.72    14.59    13.60    11.85     9.15
    13.96    14.57    14.49    13.95    12.08     9.72
