    13.36    12.81    11.40     9.07     5.82     4.97
    13.76    13.00    11.40     8.55     6.15     5.70
    13.39    12.75    11.25     9.03     6.14     5.00
    13.60    12.96    11.34     9.06     6.59     5.82
    13.17    12.40    11.10     8.51     6.03     5.10
    13.35    12.24    10.84     8.94     6.08     5.61
    13.40    12.84    11.38     8.56     5.91     5.02
    13.15    12.55    11.20     8.40     6.17     4.98
    13.71    13.25    11.59     8.46     5.96     5.22
    13.43    12.83    10.86     8.63     5.13     4.16
