    13.79    13.71    12.94    11.73     8.57     5.23
    13.94    14.10    13.32    11.47     9.30     7.21
    14.11    14.14    13.38    11.70     8.77     5.89
    14.07    13.87    13.11    11.56     8.72     5.56
    13.89    14.06    13.23    11.95     8.69     6.05
    14.02    13.96    13.23    11.91     9.49     7.03
    13.99    13.96    13.41    11.76     8.51     5.57
    13.79    13.75    13.06    11.77     8.95     6.23
    14.07    14.08    13.31    11.50     9.24     6.08
    13.93    14.11    13.13    11.51     8.79     5.45
