    13.39    12.11     9.10     6.16     5.38     6.68
    13.75    11.77     9.11     6.99     6.29     8.03
    13.48    11.89     9.56     7.44     6.62     8.48
    13.16    12.03     9.76     7.44     6.52     8.63
    13.34    11.57     9.55     7.19     6.35     8.01
    13.40    12.28     9.45     6.24     5.41     7.19
    13.63    11.57     9.55     7.00     5.54     8.03
    13.44    11.90     9.36     7.12     6.17     8.21
    13.53    11.67     9.46     6.55     5.51     7.78
    13.54    12.03     9.61     6.21     5.34     8.02
