    12.36    10.83     8.56     5.87     5.26     7.18
    12.98    11.74     9.19     6.69     6.01     7.05
    12.63    11.53     8.56     6.31     5.42     6.93
    12.65    11.61     9.64     6.86     5.87     7.28
    12.83    11.32     9.69     6.92     5.91     7.41
    12.84    11.12     8.54     5.84     5.15     6.66
    13.00    10.75     8.59     5.55     4.86     6.57
    12.77    11.52     8.39     5.57     4.69     6.77
    12.65    11.32     9.29     6.41     5.57     7.76
    12.73    11.46     8.91     5.27     4.65     7.02
