     9.35    11.47    13.23    14.06    14.56    14.40
     9.38    11.41    13.47    14.08    14.33    14.45
     9.35    11.14    13.27    14.18    14.57    14.56
     9.37    11.45    13.56    14.56    14.66    14.42
     9.50    10.90    13.04    14.08    14.67    14.67
     9.48    11.83    13.29    14.07    14.36    14.25
     9.13    11.39    13.01    13.64    14.11    13.79
     9.49    11.27    13.39    14.07    14.47    14.26
     9.36    11.29    13.23    14.18    14.63    14.64
     9.61    11.55    13.06    13.76    14.09    13.96
