     4.82     9.04    11.23    12.90    14.09    14.39
     5.97     9.23    11.41    13.12    14.17    14.62
     5.71     9.43    11.71    13.19    13.94    14.15
     5.68     9.53    11.85    13.38    14.11    14.57
     6.02     8.76    10.68    12.66    13.46    14.00
     5.49     8.85    11.10    13.39    14.22    14.80
     5.44     9.34    11.18    13.21    14.17    14.69
     5.81     9.05    11.42    13.34    14.21    14.44
     4.97     9.26    11.06    13.03    14.08    14.60
     5.61     9.38    11.79    13.37    14.44    14.93
