     3.88     5.69     8.68    10.59    12.35    13.39
     4.15     6.10     9.22    11.31    13.06    14.10
     4.03     5.75     9.06    11.22    12.72    14.14
     3.85     5.80     8.89    11.53    13.35    14.28
     4.39     6.75     9.43    11.29    12.91    14.07
     4.19     5.65     9.10    11.44    12.82    13.93
     4.43     6.88     9.58    11.64    13.29    14.34
     4.04     5.80     9.24    11.53    13.30    14.18
     4.23     6.22     9.14    11.79    13.33    14.39
     4.69     6.39     9.28    11.32    13.58    14.33
