    14.56    14.72    13.87    11.88     8.93     7.05
    14.76    14.76    14.20    12.00     9.85     8.10
    14.57    14.41    13.57    11.57     9.75     7.02
    14.75    14.72    13.79    11.81    10.14     7.47
    14.81    14.77    13.77    12.05     9.43     6.57
    14.84    14.70    13.47    11.22     8.92     6.63
    14.54    14.59    13.73    11.80     9.25     7.65
    14.32    14.45    13.56    11.16     9.25     7.17
    14.81    14.72    13.66    12.17    10.19     8.49
    14.75    14.81    13.97    11.59     9.73     7.11
