     5.72     4.95     7.22     9.54    10.99    13.03
     6.28     5.35     7.39     9.78    11.21    13.16
     5.82     4.87     7.06     9.78    11.82    12.66
     5.64     4.65     7.41     9.76    11.13    12.91
     4.81     4.24     6.79     9.99    11.79    13.40
     5.38     4.36     6.06     9.54    11.62    13.17
     5.81     5.08     7.05     9.63    11.42    13.11
     5.38     4.46     6.50     9.42    11.20    12.82
     4.75     3.93     6.26     9.72    11.18    13.25
     5.32     4.71     6.46     9.55    10.83    12.95
