    10.91     8.37     5.65     5.16     6.33     9.68
    11.20     8.97     6.31     5.14     7.11     9.54
    10.93     9.27     6.25     5.60     7.54    10.03
    11.85     8.91     6.20     5.47     7.49     9.63
    11.71     9.33     6.98     6.12     8.07    10.10
    11.24     8.97     6.17     5.52     7.61     9.64
    11.09     8.51     6.71     5.74     7.41     9.94
    11.10     8.74     6.26     5.97     7.82    10.10
    11.51     9.23     5.79     4.99     7.32    10.09
    11.30     8.68     6.02     5.48     7.31     9.74
