     9.44    12.13    13.60    14.19    14.67    14.67
     9.34    11.82    13.35    14.08    14.48    14.24
     9.59    11.48    13.31    14.03    14.34    14.23
     9.92    12.33    13.38    14.19    14.56    14.46
     9.58    11.85    13.40    14.37    14.75    14.70
     9.16    11.67    13.13    14.11    14.74    14.33
     9.63    12.24    13.48    14.07    14.51    14.36
     9.85    12.36    13.59    14.56    15.08    14.82
     9.71    11.70    13.45    14.25    14.79    14.63
     9.60    12.00    13.38    14.34    14.88    14.69
