     8.95     4.79     4.02     6.72    10.09    11.66
     9.03     5.65     4.74     6.67     9.27    10.49
     7.84     4.92     4.14     5.54     9.17    11.21
     8.33     5.57     4.40     6.53    10.09    11.32
     9.08     5.83     5.07     7.42     9.58    11.32
     8.31     5.15     4.24     6.63     9.84    11.24
     8.78     5.88     5.12     7.06     9.34    11.40
     8.57     5.44     4.35     6.24     9.55    11.38
     8.95     5.62     4.73     6.56     9.41    11.31
     8.78     6.33     5.41     6.98     9.25    11.15
