     5.07     7.50     9.46    11.14    13.00    13.89
     4.84     7.03     9.79    11.78    13.26    14.38
     5.13     7.17     9.81    11.33    13.21    14.23
     5.19     7.40     9.85    11.86    13.37    14.18
     5.21     6.57     9.90    11.74    13.59    14.26
     5.07     6.87     9.68    11.58    12.87    13.94
     5.31     7.71    10.29    11.78    13.38    14.32
     4.52     6.85     9.57    11.19    13.28    13.97
     4.68     6.95     9.33    11.25    13.07    13.93
     4.66     6.21     9.66    11.78    13.39    14.36
