     5.77     7.71     9.86    11.92    13.14    13.95
     5.82     7.77     9.76    11.34    13.16    14.47
     5.24     7.21     9.53    11.84    13.59    14.45
     5.85     7.86     9.73    11.85    13.82    14.64
     5.29     7.57    10.05    12.02    13.68    14.40
     4.94     7.49     9.99    11.80    13.43    14.53
     5.86     7.75    10.05    12.01    13.71    14.68
     4.75     7.53     9.90    11.77    13.32    14.31
     4.82     6.82    10.03    11.55    13.53    14.27
     6.01     8.15     9.81    11.72    13.47    14.33
