     9.18    11.60    13.20    14.32    14.63    14.37
     9.10    11.43    12.98    13.92    14.38    14.39
     9.11    11.10    13.44    14.15    14.52    14.58
     9.24    12.07    12.98    13.82    14.46    14.21
     8.91    11.56    13.59    14.25    14.62    14.76
     9.22    11.19    12.66    13.72    14.52    14.60
     9.55    11.25    13.12    13.77    14.25    14.17
     9.42    11.66    13.26    14.24    14.72    14.56
     9.45    11.68    13.27    14.03    14.24    14.34
     9.45    11.63    13.33    14.07    14.62    14.46
