    13.25    11.55     9.26     7.44     6.36     8.17
    13.11    11.53     9.43     7.57     7.32     8.01
    13.34    11.89     8.73     6.46     5.66     7.37
    13.17    11.54     9.84     7.89     6.61     8.81
    13.35    11.88     9.46     7.14     6.28     8.74
    13.33    11.65     9.25     6.67     6.02     7.82
    13.44    11.80     9.39     7.40     6.38     8.57
    12.98    11.51     8.94     6.43     5.57     7.42
    13.70    12.32     9.78     7.24     6.89     8.47
    13.24    11.63     8.80     6.54     5.70     7.34
