     3.59     6.02     9.46    10.98    12.93    14.01
     4.78     6.66     9.05    11.17    13.09    13.86
     4.02     5.27     8.70    10.60    12.52    13.48
     5.53     6.93     9.23    11.23    13.09    14.03
     4.39     6.85     9.34    11.67    13.14    14.19
     4.61     6.57     8.93    11.13    12.75    14.03
     3.97     5.63     8.80    11.19    12.95    14.12
     3.88     6.06     9.18    11.04    12.83    13.77
     4.28     6.13     8.83    11.54    13.12    13.99
     5.00     6.63     9.52    11.04    13.13    13.99
