    12.68    11.73     9.38     5.82     4.86     7.28
    12.69    11.31     8.17     4.87     3.94     6.44
    13.19    11.60     9.29     6.40     5.59     8.01
    12.55    10.90     8.80     5.11     4.35     7.41
    12.42    11.36     8.50     5.76     4.74     7.02
    12.56    10.86     8.52     5.39     4.49     6.79
    12.79    11.58     9.47     5.21     4.50     6.97
    13.09    11.73     8.93     5.93     5.06     6.62
    13.26    11.61     9.04     5.54     4.59     6.69
    12.57    11.20     8.18     5.50     4.66     6.39
