    12.69    14.41    15.35    15.64    15.41    14.21
    12.48    13.94    14.89    15.46    15.21    14.32
    13.06    14.61    15.33    15.41    15.29    13.97
    12.72    14.14    15.09    15.60    15.44    14.26
    12.35    13.84    14.88    15.60    15.29    14.05
    12.54    13.94    14.97    15.38    15.12    14.12
    12.69    14.23    15.44    15.49    14.96    13.98
    11.64    13.27    14.27    14.53    14.44    14.00
    12.36    13.60    14.76    15.29    15.06    14.04
    12.16    13.76    14.69    15.24    15.02    14.17
