    13.58    14.24    13.97    13.24    11.85     9.00
    13.53    14.36    14.16    13.23    11.62     9.15
    13.69    14.36    14.37    13.15    11.36     8.40
    13.47    14.07    14.22    13.33    11.39     8.45
    13.55    13.96    13.80    13.01    11.21     8.52
    13.64    14.30    14.20    13.31    11.67     8.94
    13.38    13.98    14.03    13.42    11.20     8.26
    13.24    13.74    13.63    12.85    11.18     8.60
    13.65    14.27    13.97    13.27    11.77     9.41
    13.30    14.04    13.98    13.19    11.75     8.96
