     4.76     6.61     9.30    11.06    13.30    14.15
     5.94     7.91     9.80    11.83    13.60    14.30
     4.26     6.55     9.71    11.09    13.50    14.39
     5.22     6.59     9.45    11.38    13.13    14.13
     5.35     7.52     9.91    11.53    13.19    14.30
     4.82     7.39     9.43    11.34    13.34    14.02
     6.06     8.34     9.64    11.98    13.54    14.36
     4.43     6.37     9.35    11.22    13.29    14.38
     4.87     6.97     9.63    11.95    13.48    14.22
     5.12     7.71     9.75    11.71    13.55    14.41
