     9.49     6.46     5.52     7.74    10.27    12.02
     9.37     7.14     6.21     8.21    10.07    11.60
     9.26     6.48     5.49     7.43    10.07    11.76
     9.54     6.85     5.94     8.05    10.44    12.60
     9.24     7.19     6.42     7.56    10.03    12.24
     9.39     6.56     5.97     7.43    10.00    11.85
     9.63     7.29     6.09     7.50     9.66    11.37
     9.57     6.61     5.59     7.83    10.10    11.86
     9.51     6.74     5.98     7.92     9.98    11.53
     9.13     6.34     5.27     7.09     9.65    11.77
