    14.35    13.54    11.68     9.49     7.20     6.22
    14.23    13.29    11.67     8.85     6.59     5.81
    14.18    13.34    11.83     8.97     7.01     6.11
    14.26    13.42    11.77     9.67     7.04     6.40
    14.47    13.66    12.10     8.81     6.53     5.78
    14.47    13.54    11.83     9.51     7.31     7.04
    14.22    13.53    12.10     9.24     6.60     5.95
    14.02    13.22    11.12     9.07     7.42     6.71
    14.61    13.57    12.05    10.30     8.56     7.41
    14.25    13.40    11.38     9.36     7.59     6.58
