    12.78    11.39     8.12     4.72     3.87     5.72
    13.16    11.76     9.02     5.87     4.72     7.35
    12.49    11.49     9.61     6.49     5.34     8.09
    13.06    11.27     8.23     6.04     5.27     6.61
    12.34    11.25     8.54     5.53     4.33     6.91
    12.94    10.67     8.79     6.44     5.40     8.07
    12.92    10.88     8.35     4.85     3.99     5.99
    13.02    11.43     8.61     5.73     5.03     7.54
    12.48    11.01     8.60     5.78     5.03     7.07
    13.08    11.46     8.69     5.33     4.26     6.62
