    14.00    14.02    12.95    11.50     8.96     5.64
    14.22    14.10    13.54    12.01    10.07     6.21
    13.57    13.58    12.98    11.79     8.53     6.11
    13.85    13.75    13.05    11.44     8.43     6.09
    13.99    14.12    12.87    11.59     9.32     5.25
    13.64    13.64    12.90    11.39     8.53     5.66
    13.71    13.69    13.06    11.43     8.85     5.49
    14.10    14.07    13.21    11.62     9.54     6.44
    13.78    13.94    13.03    11.82     8.69     5.82
    14.07    14.18    13.31    11.34     8.78     4.99
