    13.20    14.17    14.55    14.12    13.46    12.13
    12.94    13.89    14.59    14.22    13.54    11.73
    13.03    14.31    14.78    14.44    13.71    11.83
    12.95    14.20    14.88    14.67    14.09    11.90
    12.87    14.08    14.52    14.27    13.38    11.86
    12.92    13.90    14.50    14.40    13.48    11.85
    13.00    14.06    14.66    14.76    13.97    11.49
    12.56    13.75    14.36    14.12    13.10    11.47
    13.13    14.20    14.82    14.60    13.18    11.53
    12.84    13.78    14.49    14.43    13.65    11.17
