    11.96    13.75    14.53    14.88    14.71    13.97
    12.37    13.71    14.45    14.70    14.87    14.21
    11.81    13.80    14.84    15.26    15.02    14.01
    12.19    13.90    14.64    14.87    14.93    14.22
    12.66    13.96    14.72    15.26    14.99    13.88
    12.53    13.90    14.67    15.07    14.97    13.94
    11.99    13.88    14.76    15.10    14.84    14.06
    12.19    13.79    14.68    15.30    15.02    14.04
    12.32    13.93    14.70    15.19    15.03    14.05
    12.08    13.72    14.63    15.28    14.91    13.78
