    12.97    11.14     9.15     5.92     5.32     6.68
    12.80    11.57     9.41     6.15     5.52     7.25
    12.50    11.18     8.56     4.77     3.98     5.86
    13.18    11.50     9.58     6.95     5.78     8.26
    12.97    11.76     9.55     6.35     5.03     7.42
    12.93    11.65     9.23     6.66     5.95     8.11
    12.82    11.52     9.10     4.93     4.08     6.49
    13.03    11.36     9.15     6.39     5.44     7.27
    12.67    10.88     8.90     6.67     6.02     7.57
    12.62    11.31     8.75     5.96     5.01     7.36
