    12.55    11.01     8.03     5.84     4.83     6.36
    12.92    11.28     8.81     6.35     5.28     7.36
    12.88    11.38     8.42     6.18     5.18     7.49
    12.97    11.80     8.81     6.56     5.54     7.93
    12.75    11.72     9.01     6.59     5.37     7.30
    12.71    11.31     9.21     6.17     5.29     8.05
    12.62    11.33     8.64     6.71     6.05     6.99
    12.90    11.24     9.03     5.91     5.23     7.43
    13.20    11.46     9.53     7.28     6.65     8.78
    13.17    11.21     8.58     5.88     5.16     7.01
