    10.39    12.66    14.00    14.58    14.87    14.62
    10.25    12.61    14.27    15.09    15.37    15.32
    10.36    12.83    14.06    15.01    15.24    14.70
    10.18    12.64    13.83    14.70    15.32    15.07
    10.17    12.19    13.68    14.69    15.00    14.79
    10.29    12.22    13.73    14.61    15.02    15.00
    10.41    12.51    13.80    14.87    15.21    15.00
    10.46    12.28    14.18    14.86    15.36    15.15
    10.08    12.01    13.73    14.56    14.89    14.70
    10.27    12.68    13.83    14.56    15.02    14.56
