     9.16     6.80     6.04     8.14    10.06    11.80
     8.64     5.35     4.87     6.87     9.43    11.40
     8.99     6.22     5.32     7.72    10.01    11.78
     8.62     7.00     6.33     7.81     9.32    10.79
     7.90     5.50     4.89     5.73     8.99    11.03
     7.42     5.58     4.92     6.52     9.07    11.30
     7.28     4.79     4.12     5.19     9.17    11.31
     7.88     5.42     4.95     6.20     8.88    11.07
     8.49     4.94     4.14     5.80     9.65    11.41
     8.82     6.37     5.48     6.99     9.65    11.48
