    14.00    13.40    11.54     9.68     7.27     6.36
    13.86    13.13    11.54     9.89     6.66     5.98
    13.78    13.02    11.35     8.46     6.20     5.40
    13.73    13.19    11.69     9.58     6.95     5.87
    13.93    13.49    12.09     9.87     6.77     5.83
    13.72    13.02    11.37     8.62     6.71     6.13
    13.70    13.23    11.89     9.55     6.71     5.75
    13.89    13.26    11.62     8.90     5.91     4.90
    13.90    13.22    11.86     8.88     5.50     4.61
    13.79    13.21    11.82     9.78     7.47     6.14
