    10.95    13.29    14.07    14.71    14.33    13.56
    11.56    13.40    14.26    14.54    14.47    13.67
    11.47    13.35    14.20    14.58    14.43    13.66
    11.62    13.35    14.37    14.90    14.89    14.15
    11.88    13.61    14.30    14.88    14.78    13.91
    11.22    13.07    14.12    14.65    14.51    13.87
    11.38    13.43    14.46    15.14    15.08    13.92
    11.46    13.72    14.27    14.69    14.81    13.72
    11.25    12.97    14.18    14.45    14.44    13.54
    11.58    13.29    14.24    14.78    14.81    14.03
