    12.34    13.44    14.15    14.57    14.50    13.89
    12.50    13.97    14.96    15.67    15.30    14.23
    11.60    13.16    14.38    14.81    14.82    13.91
    12.10    13.58    14.30    14.66    14.51    13.67
    12.07    13.81    14.90    15.14    15.12    14.43
    11.96    13.55    14.40    15.22    14.89    13.91
    11.80    13.47    14.68    15.16    14.71    13.78
    12.30    13.95    14.93    15.44    15.24    14.37
    11.92    13.41    14.51    14.94    14.59    13.74
    12.04    13.87    14.80    15.07    14.71    13.83
