    13.18    14.46    14.99    14.77    13.44    11.87
    13.42    14.26    14.78    14.59    13.84    11.97
    13.43    14.69    15.17    14.85    13.89    12.08
    13.20    14.21    14.71    14.65    13.70    12.25
    13.07    14.10    14.62    14.69    14.10    12.18
    12.90    14.11    14.62    14.65    13.94    12.20
    13.14    14.40    15.02    15.05    14.20    12.21
    13.56    14.68    15.15    14.92    14.00    11.87
    13.14    14.33    15.15    15.01    14.09    12.14
    13.38    14.50    15.04    15.11    13.94    11.70
