    13.24    11.68     9.36     6.03     5.24     7.96
    12.72    11.40     9.45     6.32     5.44     7.79
    13.00    11.64     8.23     5.71     4.98     6.70
    12.97    11.72     9.17     6.89     6.04     7.73
    13.30    12.02     9.30     7.12     6.24     8.50
    12.97    11.58     8.66     5.83     5.18     7.20
    13.15    11.66     9.63     7.27     6.74     8.36
    12.99    11.50     9.47     6.90     5.71     8.08
    13.03    11.52     8.80     6.34     5.37     6.84
    12.96    11.81     9.36     6.86     5.91     8.38
