    11.45    13.34    14.05    14.71    14.67    13.83
    11.22    13.41    14.44    15.09    15.03    14.25
    11.30    13.11    14.55    14.96    14.79    14.27
    11.05    13.49    14.44    14.92    14.69    14.12
    11.67    13.28    14.32    14.79    14.86    14.05
    11.43    13.30    14.06    14.61    14.54    14.00
    11.69    13.07    14.16    14.65    14.54    13.82
    11.60    13.22    14.21    14.96    14.92    14.00
    11.40    13.57    14.27    14.74    14.90    14.07
    11.33    13.48    14.33    15.08    14.88    13.93
