    13.64    14.41    14.29    13.38    11.81     9.13
    13.48    14.21    13.99    13.06    11.59     9.43
    13.68    14.36    14.22    13.54    11.30     9.53
    13.32    13.81    13.77    12.97    11.66     8.89
    13.46    14.14    13.98    13.21    11.35     8.38
    13.43    14.00    14.10    13.22    11.42     8.43
    13.38    13.86    13.78    12.86    11.04     9.00
    13.54    14.00    13.89    13.21    11.69     9.58
    13.56    14.11    13.96    13.11    11.80     9.28
    13.64    14.36    14.42    13.60    11.72     8.60
