     4.31     5.41     9.36    11.30    13.45    14.15
     4.28     5.49     8.58    11.11    13.23    14.26
     3.41     5.13     8.83    11.40    13.07    14.20
     4.85     6.23     9.46    11.52    13.14    14.18
     4.31     5.64     9.13    11.08    13.31    14.28
     4.04     5.11     9.08    11.01    12.75    13.91
     4.07     5.47     8.68    10.71    12.73    14.00
     4.29     5.32     9.16    11.65    13.43    14.33
     4.28     5.68     9.08    10.95    13.16    14.20
     3.64     5.10     8.70    10.85    12.61    13.53
