     4.75     4.06     6.58     9.41    11.73    12.83
     5.40     4.58     6.65     9.93    11.67    13.37
     4.88     4.15     6.49     9.81    11.57    13.51
     5.45     4.38     6.49     9.29    11.02    13.12
     5.45     4.71     7.51     9.63    11.12    13.36
     5.16     4.73     7.00     9.70    11.35    13.24
     5.70     4.86     7.00     9.44    11.19    13.08
     5.19     4.31     6.03     9.44    11.33    13.19
     5.45     4.59     6.15     9.38    11.34    13.02
     6.00     5.26     7.07     9.60    11.27    13.13
