     9.01    11.22    13.24    14.29    14.57    14.42
     8.90    11.16    13.20    14.19    14.44    14.27
     9.05    11.82    13.63    14.58    15.02    14.99
     9.27    11.61    13.52    14.39    14.81    14.83
     9.74    11.45    13.68    14.55    15.06    15.06
     9.09    11.52    13.51    14.58    14.75    14.82
     9.38    11.43    13.57    14.41    14.85    14.88
     9.67    11.91    13.47    14.14    14.74    14.60
     9.20    11.36    13.19    13.85    14.53    14.41
     9.13    11.20    13.26    14.16    14.56    14.57
