    11.71     9.71     7.42     6.18     8.46    10.38
    11.70     9.39     7.29     6.60     7.90    10.10
    11.25     8.59     5.75     5.18     6.66     9.65
    11.58     9.47     7.12     6.45     7.81     9.95
    11.48     8.80     6.32     5.37     7.22    10.09
    11.89     8.80     5.84     4.94     6.95    10.22
    11.53     9.41     7.90     6.90     8.05     9.98
    11.67     9.68     7.17     5.90     8.32     9.92
    11.85     9.40     6.76     5.27     7.65    10.25
    11.75     9.75     7.85     7.07     8.76    10.33
