    13.65    14.24    14.26    13.52    11.76     9.32
    13.33    14.14    14.15    13.11    11.83     9.06
    13.76    14.46    14.55    13.67    11.51     8.60
    13.87    14.44    14.12    13.31    11.70     9.28
    13.88    14.57    14.56    13.89    11.74     8.85
    13.78    14.35    14.35    13.19    11.59     9.72
    13.61    14.16    13.82    13.09    11.75     9.23
    13.80    14.48    14.53    13.62    11.80     9.66
    13.58    14.35    14.14    13.25    11.22     8.91
    13.80    14.04    13.72    12.84    11.37     8.99
