    14.08    13.56    11.95     9.28     6.98     6.00
    14.15    13.45    11.77     9.34     6.85     6.08
    14.05    13.25    11.38     9.12     6.47     5.53
    13.92    13.21    11.99     9.75     6.85     5.98
    13.88    13.30    11.71     8.94     6.75     6.13
    13.96    13.40    11.74     9.51     6.81     5.81
    14.24    13.34    12.01     9.59     6.46     5.85
    14.01    13.46    11.74     9.46     7.16     6.23
    13.97    13.30    11.85     9.57     6.90     5.85
    14.00    13.62    12.01     9.45     6.27     5.27
