    13.00    14.28    14.71    14.48    13.70    11.72
    13.18    14.39    15.01    14.63    13.86    12.13
    13.27    14.34    14.97    14.83    13.55    11.24
    13.33    14.28    14.96    14.69    13.85    12.25
    13.28    14.29    14.67    14.59    13.74    12.07
    13.00    14.04    14.61    14.53    13.57    11.76
    12.99    14.24    14.68    14.54    13.38    11.47
    13.30    14.41    14.73    14.68    13.69    11.62
    12.87    14.11    14.69    14.55    13.76    12.29
    13.45    14.63    14.98    15.06    13.97    11.66
