    13.47    13.92    13.76    12.99    11.55     9.14
    13.29    13.93    13.70    12.66    11.34     8.56
    13.50    14.10    14.10    13.10    11.77     9.06
    13.37    14.01    13.86    13.12    11.16     9.01
    13.68    14.45    14.61    13.87    11.53     8.73
    13.26    14.06    13.97    13.28    11.84     9.11
    13.49    14.03    14.05    13.27    11.76     9.12
    13.48    14.44    14.52    13.42    11.67     9.17
    13.51    13.94    13.99    13.28    11.68     7.79
    13.31    14.23    14.17    13.25    11.61     9.40
