    13.44    14.69    15.01    14.86    14.05    12.37
    13.60    14.74    15.37    15.14    14.16    12.25
    13.58    14.66    15.16    14.56    13.89    11.80
    13.67    14.86    15.29    15.20    13.90    12.48
    13.58    15.05    15.64    14.95    13.81    11.81
    13.43    14.54    14.82    14.90    13.63    11.49
    13.87    14.58    15.20    15.14    14.11    12.22
    13.83    14.83    15.43    15.00    13.86    12.07
    13.13    14.41    14.86    14.99    13.60    12.15
    13.66    14.79    15.21    14.84    14.00    12.09
