    13.80    13.83    12.97    11.69     8.82     6.34
    13.95    13.95    13.25    11.82     9.79     6.71
    13.79    14.02    13.06    11.60     9.27     7.33
    13.88    14.00    13.19    11.60     9.06     6.76
    13.87    13.88    13.05    11.34     9.02     6.55
    13.77    13.83    13.28    11.77     9.15     6.85
    14.14    14.45    13.69    12.00     9.87     6.69
    13.82    13.97    13.35    11.50     8.80     6.45
    13.86    14.21    13.16    11.82     9.26     7.15
    13.99    14.00    13.30    11.83     9.82     7.31
